[[67.0, 51.0, 68.0, 115.0, 69.0, 111.0, 136.0, 31.0, 67.0, 47.7, -0.27, 29.16, -16.32, -42.93, -49.01, -58.09, 0.71, -9.17, -18.27, -1.8, -6.32, -20.88, -1.63, -6.13, -22.56, -5.53, -8.11];
[67.0, 28.0, 51.0, 99.0, 50.0, 97.0, 82.0, 26.0, 59.0, 47.93, 23.77, 47.98, 1.76, -23.88, -34.41, -2.89, 4.32, -2.25, -20.13, -2.11, -6.35, -21.94, -1.22, -6.13, -22.2, -3.41, -6.57];
[63.0, 26.0, 50.0, 95.0, 49.0, 91.0, 81.0, 26.0, 57.0, 53.09, 25.72, 48.33, 7.16, -22.89, -28.4, -0.69, 4.16, -0.44, -17.64, -1.81, -4.7, -19.39, -0.65, -5.01, -20.89, -3.96, -6.85];
[63.0, 42.0, 63.0, 97.0, 66.0, 108.0, 111.0, 28.0, 59.0, 52.41, 9.76, 35.69, 4.44, -39.89, -45.42, -31.33, 2.24, -2.34, -20.2, -1.89, -5.47, -21.65, -0.99, -5.71, -22.19, -3.41, -6.52];
[46.0, 27.0, 50.0, 83.0, 51.0, 90.0, 76.0, 26.0, 56.0, 68.54, 24.27, 48.21, 16.37, -24.89, -27.66, 2.19, 4.93, 1.25, -18.62, -2.17, -7.11, -21.12, -1.56, -6.35, -22.19, -4.45, -7.32];
[59.0, 59.0, 84.0, 93.0, 70.0, 104.0, 92.0, 29.0, 58.0, 55.56, -8.33, 13.12, 4.98, -43.96, -42.1, -14.52, 3.15, 0.23, -17.16, -1.98, -6.48, -20.86, -1.79, -6.25, -23.44, -6.5, -8.93];
[83.0, 28.0, 54.0, 117.0, 51.0, 96.0, 105.0, 27.0, 64.0, 37.09, 23.43, 44.29, -13.74, -24.47, -32.18, -21.78, 1.66, -9.18, -26.14, -1.87, -5.87, -34.63, -1.83, -7.97, -29.34, -2.0, -5.03];
[63.0, 37.0, 58.0, 95.0, 58.0, 101.0, 89.0, 27.0, 62.0, 53.03, 14.78, 40.38, 7.34, -31.89, -38.4, -8.63, 3.14, -5.46, -21.14, -1.74, -4.98, -22.2, -0.93, -5.59, -22.39, -3.26, -6.37];
[77.0, 29.0, 52.0, 103.0, 51.0, 93.0, 87.0, 27.0, 59.0, 37.41, 21.81, 45.28, -5.06, -25.05, -31.18, -9.42, 4.8, -1.07, -16.86, -2.31, -6.72, -20.25, -1.77, -6.29, -23.0, -6.11, -8.57];
[57.0, 44.0, 65.0, 107.0, 59.0, 104.0, 98.0, 26.0, 59.0, 57.65, 7.98, 34.59, -6.23, -32.86, -41.26, -19.02, 4.11, -2.38, -20.4, -2.18, -6.74, -21.67, -1.21, -6.24, -21.76, -3.06, -6.32];
[65.0, 29.0, 52.0, 101.0, 51.0, 95.0, 89.0, 28.0, 62.0, 50.97, 23.02, 46.13, 2.81, -24.91, -32.51, -8.62, 2.54, -5.19, -21.7, -1.94, -4.79, -25.24, -0.99, -5.64, -23.16, -3.48, -6.54];
[53.0, 55.0, 76.0, 99.0, 86.0, 121.0, 104.0, 41.0, 78.0, 60.31, -2.77, 24.94, -0.5, -59.73, -57.76, -26.87, -11.18, -21.45, -18.4, -2.85, -9.25, -19.52, -1.56, -7.08, -20.07, -2.78, -6.22];
[45.0, 36.0, 60.0, 97.0, 57.0, 102.0, 83.0, 28.0, 56.0, 70.69, 15.17, 37.74, 3.06, -30.82, -39.28, -5.14, 1.07, -0.69, -22.01, -1.58, -5.35, -26.67, -1.2, -5.89, -22.04, -1.73, -4.68];
[81.0, 27.0, 52.0, 112.0, 51.0, 94.0, 95.0, 26.0, 60.0, 33.48, 24.02, 45.57, -12.84, -24.82, -31.35, -18.31, 3.06, -4.71, -20.9, -1.64, -5.95, -27.18, -1.32, -5.96, -21.38, -1.73, -4.47];
[59.0, 64.0, 83.0, 94.0, 82.0, 119.0, 112.0, 36.0, 70.0, 54.67, -12.05, 17.15, 4.66, -55.85, -56.2, -34.54, -5.47, -12.91, -18.4, -2.78, -9.06, -20.08, -1.56, -6.82, -21.01, -3.72, -6.91];
[58.0, 33.0, 54.0, 95.0, 51.0, 95.0, 81.0, 27.0, 58.0, 58.38, 18.95, 44.05, 9.1, -24.89, -32.42, -0.29, 3.48, -1.27, -22.3, -1.93, -4.77, -26.49, -1.01, -5.77, -23.96, -3.26, -6.42];
[50.0, 51.0, 80.0, 100.0, 79.0, 112.0, 75.0, 38.0, 67.0, 64.12, 0.59, 19.06, -1.02, -52.93, -49.57, 2.84, -7.07, -9.66, -18.48, -2.58, -8.27, -20.69, -1.57, -6.57, -21.88, -4.35, -7.32];
[36.0, 35.0, 56.0, 90.0, 61.0, 105.0, 63.0, 23.0, 53.0, 82.41, 16.46, 42.18, 12.72, -34.79, -41.83, 17.88, 6.09, 2.32, -24.37, -1.6, -4.84, -28.5, -1.14, -6.4, -24.61, -1.56, -4.98];
[56.0, 31.0, 54.0, 94.0, 54.0, 95.0, 95.0, 27.0, 58.0, 59.09, 20.09, 43.63, 5.62, -27.83, -32.35, -17.71, 2.07, -2.7, -21.3, -1.62, -5.52, -26.76, -1.22, -5.86, -21.67, -1.73, -4.6];
[40.0, 38.0, 56.0, 97.0, 60.0, 101.0, 66.0, 29.0, 60.0, 72.39, 12.85, 41.51, 0.16, -33.78, -38.32, 8.39, -0.01, -4.89, -18.47, -1.54, -6.36, -25.25, -1.36, -5.89, -18.89, -1.68, -4.09];
[75.0, 77.0, 97.0, 114.0, 78.0, 120.0, 129.0, 37.0, 77.0, 35.8, -26.17, 0.7, -18.62, -51.57, -56.88, -56.98, -8.09, -21.96, -16.83, -1.03, -4.35, -21.66, -1.13, -5.38, -15.17, -0.82, -3.49];
[50.0, 34.0, 56.0, 98.0, 55.0, 99.0, 84.0, 25.0, 55.0, 68.27, 17.41, 42.13, 4.33, -28.81, -35.9, -3.5, 4.04, 0.25, -24.69, -1.86, -5.51, -29.81, -1.33, -6.79, -25.22, -1.95, -5.12];
[31.0, 26.0, 47.0, 90.0, 52.0, 94.0, 53.0, 22.0, 48.0, 86.08, 25.75, 51.01, 13.74, -25.95, -31.4, 27.52, 8.09, 8.28, -24.26, -1.74, -4.66, -28.43, -0.98, -5.94, -24.63, -2.51, -5.83];
[63.0, 30.0, 53.0, 99.0, 52.0, 93.0, 88.0, 27.0, 59.0, 50.93, 20.92, 44.43, -0.67, -25.9, -30.58, -11.97, 2.02, -3.85, -20.23, -1.73, -6.41, -26.94, -1.38, -5.96, -20.99, -1.87, -4.38];
[47.0, 26.0, 49.0, 85.0, 50.0, 91.0, 70.0, 23.0, 52.0, 67.88, 26.06, 49.97, 16.87, -23.97, -28.62, 9.23, 7.69, 5.07, -21.14, -2.08, -5.84, -22.43, -1.07, -5.8, -21.63, -3.56, -6.7];
[48.0, 26.0, 49.0, 87.0, 48.0, 90.0, 59.0, 24.0, 54.0, 63.58, 24.8, 48.65, 8.9, -21.68, -27.11, 13.98, 4.91, 1.05, -17.42, -1.22, -5.41, -22.62, -1.23, -5.57, -16.49, -1.21, -3.75];
[68.0, 29.0, 54.0, 112.0, 48.0, 94.0, 89.0, 25.0, 56.0, 48.57, 22.75, 43.9, -8.56, -22.01, -31.55, -8.86, 4.84, 0.05, -22.65, -1.79, -4.73, -27.02, -0.99, -5.82, -23.26, -2.29, -5.41];
[55.0, 36.0, 56.0, 86.0, 57.0, 95.0, 92.0, 27.0, 57.0, 59.28, 15.23, 41.75, 12.74, -31.12, -33.18, -13.92, 4.18, 0.45, -19.38, -2.67, -7.67, -20.38, -1.63, -6.53, -21.17, -4.17, -6.88];
[57.0, 30.0, 52.0, 101.0, 55.0, 94.0, 96.0, 25.0, 58.0, 59.9, 21.34, 45.95, 0.33, -28.81, -31.12, -16.72, 4.11, -2.64, -21.94, -1.73, -5.31, -26.42, -1.3, -6.21, -22.31, -1.81, -4.75];
[48.0, 40.0, 60.0, 108.0, 58.0, 105.0, 95.0, 28.0, 61.0, 61.09, 10.87, 37.75, -14.22, -31.42, -41.48, -26.87, 0.64, -6.41, -14.84, -0.73, -3.3, -18.61, -0.97, -5.15, -10.2, -0.11, -2.66];
[49.0, 26.0, 50.0, 83.0, 59.0, 96.0, 66.0, 24.0, 57.0, 63.24, 24.8, 47.48, 13.93, -32.8, -33.37, 8.1, 4.94, -1.94, -18.07, -1.4, -6.21, -24.73, -1.35, -5.79, -18.14, -1.58, -3.95];
[60.0, 69.0, 89.0, 100.0, 82.0, 123.0, 73.0, 50.0, 78.0, 50.55, -18.2, 8.7, -5.87, -55.34, -59.6, -1.19, -21.03, -22.78, -18.52, -0.14, -3.12, -19.53, -0.43, -4.16, -14.48, 0.44, -2.81];
[54.0, 28.0, 50.0, 102.0, 50.0, 93.0, 77.0, 24.0, 56.0, 61.78, 23.99, 47.94, 1.24, -24.02, -30.79, 3.24, 6.78, 1.08, -22.39, -1.83, -4.63, -23.57, -0.91, -5.43, -22.5, -3.59, -6.67];
[45.0, 26.0, 48.0, 86.0, 52.0, 94.0, 66.0, 25.0, 54.0, 71.11, 25.86, 49.84, 17.65, -26.05, -31.7, 14.02, 4.97, 2.19, -22.11, -1.87, -4.85, -26.42, -1.0, -5.74, -22.79, -2.49, -5.48];
[62.0, 54.0, 79.0, 105.0, 70.0, 109.0, 118.0, 30.0, 66.0, 54.04, -2.05, 18.81, -1.44, -44.01, -46.75, -37.49, 0.75, -8.95, -22.56, -1.87, -4.62, -24.41, -0.92, -5.51, -23.07, -3.51, -6.63];
[60.0, 56.0, 75.0, 85.0, 73.0, 103.0, 102.0, 27.0, 58.0, 53.28, -3.83, 25.48, 14.03, -46.91, -40.26, -24.79, 3.47, -0.98, -18.58, -3.09, -9.73, -19.17, -1.52, -6.89, -19.34, -3.11, -6.4];
[64.0, 48.0, 65.0, 111.0, 64.0, 107.0, 103.0, 30.0, 64.0, 51.66, 3.16, 32.62, -10.69, -37.9, -44.47, -25.0, -0.92, -8.68, -21.26, -1.69, -5.22, -25.13, -1.15, -5.78, -21.16, -1.72, -4.68];
[42.0, 39.0, 60.0, 88.0, 64.0, 104.0, 92.0, 26.0, 54.0, 74.78, 12.68, 38.04, 16.34, -37.95, -41.27, -11.25, 3.76, 2.03, -22.88, -1.86, -5.26, -28.53, -1.18, -6.34, -24.11, -2.28, -5.39];
[73.0, 28.0, 51.0, 115.0, 51.0, 96.0, 94.0, 25.0, 59.0, 43.72, 23.71, 47.04, -10.56, -24.95, -33.29, -13.23, 4.79, -2.93, -22.8, -1.86, -5.23, -28.35, -1.17, -6.29, -24.01, -2.29, -5.4];
[65.0, 72.0, 94.0, 81.0, 93.0, 127.0, 100.0, 84.0, 114.0, 46.36, -21.27, 3.67, 12.7, -66.13, -63.43, -26.61, -54.74, -58.28, -20.89, 0.23, -3.13, -19.97, -0.26, -3.87, -16.75, 0.59, -3.09];
[43.0, 40.0, 64.0, 91.0, 58.0, 100.0, 90.0, 25.0, 54.0, 73.74, 11.41, 33.94, 11.46, -31.94, -37.25, -10.23, 4.19, 1.44, -21.42, -1.82, -5.29, -26.62, -1.19, -6.05, -22.3, -1.86, -4.78];
[76.0, 29.0, 54.0, 105.0, 49.0, 94.0, 89.0, 25.0, 60.0, 33.89, 21.84, 43.72, -10.34, -22.53, -30.72, -18.71, 3.78, -5.17, -14.42, -0.77, -2.74, -17.65, -0.83, -4.67, -11.17, -0.27, -2.78];
[60.0, 57.0, 74.0, 106.0, 80.0, 119.0, 108.0, 34.0, 69.0, 54.83, -4.96, 24.47, -4.11, -54.05, -56.87, -28.64, -3.27, -11.93, -21.45, -2.19, -5.88, -23.08, -1.07, -5.81, -22.31, -3.38, -6.52];
[64.0, 74.0, 93.0, 109.0, 87.0, 126.0, 128.0, 38.0, 74.0, 49.76, -22.11, 6.08, -9.11, -61.06, -63.87, -50.07, -7.14, -16.76, -19.18, -2.91, -8.74, -20.04, -1.41, -6.38, -20.04, -3.43, -6.58];
[56.0, 32.0, 54.0, 99.0, 50.0, 95.0, 81.0, 24.0, 57.0, 57.89, 18.79, 43.24, -0.9, -24.01, -32.84, -5.12, 4.98, -1.92, -19.23, -1.39, -5.24, -24.38, -1.15, -5.35, -19.24, -1.55, -4.1];
[70.0, 53.0, 72.0, 104.0, 73.0, 112.0, 104.0, 30.0, 64.0, 43.66, -1.71, 25.71, -6.16, -47.3, -50.53, -26.41, 0.79, -6.99, -19.65, -2.64, -7.99, -18.98, -1.38, -6.19, -19.92, -3.25, -6.07];
[59.0, 29.0, 53.0, 98.0, 52.0, 94.0, 85.0, 27.0, 60.0, 54.81, 21.75, 44.2, -0.05, -26.02, -31.89, -9.25, 1.96, -4.93, -19.04, -1.21, -4.96, -23.99, -1.09, -5.18, -18.81, -1.44, -3.96];
[42.0, 29.0, 50.0, 83.0, 54.0, 93.0, 70.0, 25.0, 54.0, 72.1, 23.03, 49.13, 17.72, -28.07, -30.82, 8.46, 5.58, 2.94, -20.4, -2.52, -7.88, -21.57, -1.22, -6.19, -21.21, -2.92, -6.13];
[78.0, 30.0, 55.0, 112.0, 53.0, 99.0, 104.0, 27.0, 62.0, 36.64, 22.0, 43.36, -10.37, -27.11, -37.0, -24.89, 3.68, -5.02, -21.04, -2.41, -6.56, -22.93, -1.15, -5.93, -21.86, -3.14, -6.28];
[50.0, 25.0, 48.0, 96.0, 48.0, 92.0, 63.0, 23.0, 52.0, 66.25, 26.7, 50.06, 8.3, -21.95, -29.29, 17.55, 6.9, 4.17, -22.28, -1.86, -5.51, -27.77, -1.22, -6.39, -23.58, -2.38, -5.4];
[58.0, 75.0, 110.0, 82.0, 74.0, 108.0, 52.0, 32.0, 58.0, 56.65, -23.93, -12.94, 18.52, -48.1, -46.1, 25.04, -2.52, -2.44, -20.55, -1.77, -4.72, -25.25, -1.01, -5.3, -20.32, -2.17, -5.06];
[76.0, 72.0, 89.0, 118.0, 74.0, 119.0, 117.0, 32.0, 69.0, 36.22, -21.32, 8.56, -22.1, -47.76, -56.31, -43.54, -3.1, -13.95, -15.68, -0.58, -2.08, -17.16, -0.53, -3.76, -13.19, -0.31, -2.84];
[78.0, 27.0, 54.0, 117.0, 49.0, 95.0, 105.0, 27.0, 61.0, 38.27, 24.61, 43.85, -13.29, -23.07, -32.56, -24.56, 3.1, -4.64, -22.26, -1.75, -5.45, -26.81, -1.11, -6.15, -23.29, -2.53, -5.5];
[78.0, 28.0, 53.0, 110.0, 48.0, 92.0, 85.0, 24.0, 58.0, 35.41, 22.98, 43.2, -11.11, -22.48, -31.27, -7.85, 6.72, -1.28, -20.06, -2.42, -7.06, -19.58, -1.17, -5.48, -18.89, -2.84, -5.56];
[56.0, 43.0, 63.0, 96.0, 63.0, 101.0, 112.0, 27.0, 59.0, 58.81, 8.14, 34.09, 4.9, -37.11, -39.11, -34.66, 2.52, -3.4, -20.38, -1.64, -4.73, -25.56, -0.99, -5.2, -20.36, -2.13, -4.87];
[52.0, 28.0, 53.0, 100.0, 48.0, 88.0, 59.0, 23.0, 50.0, 61.43, 23.58, 44.48, -0.47, -22.34, -26.7, 18.43, 7.68, 6.86, -19.81, -2.4, -7.27, -19.56, -1.11, -5.66, -19.5, -2.74, -5.81];
[79.0, 27.0, 54.0, 115.0, 49.0, 95.0, 95.0, 25.0, 59.0, 34.44, 24.54, 43.21, -15.41, -23.36, -33.79, -17.52, 5.7, -2.13, -19.97, -2.34, -7.05, -19.63, -1.1, -5.6, -19.59, -2.68, -5.76];
[61.0, 65.0, 88.0, 87.0, 85.0, 124.0, 106.0, 71.0, 110.0, 51.12, -14.22, 9.67, 7.22, -58.5, -61.09, -32.05, -41.84, -54.52, -18.33, -0.3, -2.58, -19.27, -0.82, -4.3, -15.98, -0.43, -3.28];
[67.0, 32.0, 56.0, 102.0, 55.0, 99.0, 96.0, 28.0, 62.0, 45.58, 18.7, 41.57, -7.05, -28.82, -36.52, -22.38, 0.91, -6.93, -15.75, -0.42, -1.83, -15.43, -0.36, -3.23, -12.77, -0.18, -2.61];
[70.0, 28.0, 51.0, 104.0, 51.0, 95.0, 88.0, 26.0, 60.0, 44.24, 22.43, 46.35, -7.11, -25.01, -32.8, -12.61, 2.86, -4.96, -18.18, -0.37, -2.69, -20.66, -0.75, -4.25, -16.52, -0.73, -3.2];
[63.0, 29.0, 53.0, 99.0, 50.0, 94.0, 85.0, 26.0, 60.0, 51.16, 21.9, 43.72, 0.91, -24.22, -32.46, -8.61, 3.42, -4.53, -19.84, -1.37, -4.3, -25.08, -0.95, -4.87, -19.39, -1.94, -4.58];
[50.0, 42.0, 62.0, 90.0, 52.0, 95.0, 71.0, 25.0, 55.0, 65.93, 9.94, 34.94, 13.46, -26.25, -33.41, 9.46, 5.76, 1.96, -21.03, -2.39, -5.18, -23.98, -0.99, -5.37, -21.91, -3.04, -5.99];
[52.0, 28.0, 53.0, 92.0, 60.0, 103.0, 82.0, 27.0, 57.0, 64.26, 23.57, 45.15, 12.45, -33.93, -40.11, -1.41, 2.71, -0.98, -21.41, -1.99, -6.18, -28.83, -1.33, -6.45, -23.28, -2.39, -5.28];
[59.0, 30.0, 52.0, 90.0, 54.0, 93.0, 80.0, 26.0, 58.0, 56.58, 21.37, 45.45, 12.77, -28.17, -30.94, -1.3, 3.64, -2.27, -21.04, -1.86, -5.61, -27.73, -1.15, -5.74, -21.81, -2.39, -5.07];
[71.0, 27.0, 53.0, 109.0, 49.0, 96.0, 95.0, 26.0, 59.0, 43.06, 23.47, 43.96, -12.22, -23.2, -34.4, -19.8, 2.85, -4.05, -19.19, -0.74, -4.01, -22.02, -0.87, -4.6, -17.72, -1.15, -3.69];
[56.0, 26.0, 50.0, 91.0, 49.0, 93.0, 81.0, 25.0, 56.0, 58.45, 24.4, 47.35, 6.0, -23.02, -30.79, -5.41, 3.86, -0.95, -18.06, -0.32, -2.39, -20.61, -0.74, -4.18, -16.46, -0.69, -3.1];
[55.0, 38.0, 58.0, 89.0, 60.0, 97.0, 102.0, 27.0, 60.0, 59.47, 13.99, 38.84, 13.02, -34.3, -35.7, -23.15, 3.84, -3.01, -21.46, -2.58, -6.28, -22.66, -1.13, -5.69, -21.26, -2.69, -5.79];
[76.0, 39.0, 64.0, 109.0, 53.0, 101.0, 100.0, 27.0, 62.0, 38.07, 11.39, 32.96, -12.43, -27.22, -39.42, -24.91, 1.82, -7.07, -18.96, -0.55, -3.59, -21.64, -0.82, -4.42, -17.33, -1.02, -3.51];
[55.0, 39.0, 62.0, 91.0, 66.0, 102.0, 98.0, 27.0, 57.0, 59.42, 13.02, 34.67, 11.05, -40.32, -40.78, -19.14, 3.87, 0.0, -21.73, -2.56, -6.28, -22.73, -1.13, -5.69, -21.47, -2.55, -5.67];
[52.0, 27.0, 52.0, 89.0, 50.0, 92.0, 71.0, 25.0, 55.0, 64.34, 24.58, 45.75, 15.05, -24.1, -29.65, 9.57, 5.16, 1.41, -22.15, -1.95, -5.94, -27.31, -1.23, -6.35, -23.15, -2.52, -5.46];
[66.0, 29.0, 53.0, 99.0, 51.0, 96.0, 77.0, 26.0, 58.0, 47.11, 21.67, 44.54, -3.97, -24.89, -33.71, -2.83, 2.94, -2.9, -17.43, -0.31, -1.67, -18.49, -0.62, -3.7, -15.05, -0.47, -2.89];
[44.0, 43.0, 67.0, 86.0, 57.0, 98.0, 80.0, 25.0, 54.0, 72.36, 8.7, 29.77, 17.5, -31.36, -36.55, 0.37, 5.43, 2.6, -22.04, -2.15, -5.24, -24.9, -0.92, -5.38, -21.8, -2.58, -5.48];
[67.0, 68.0, 89.0, 110.0, 82.0, 121.0, 79.0, 51.0, 81.0, 45.55, -17.17, 8.68, -15.59, -55.7, -58.5, -4.86, -21.89, -25.65, -18.42, -0.37, -2.39, -19.76, -0.81, -4.15, -16.18, -0.59, -3.24];
[52.0, 25.0, 49.0, 94.0, 47.0, 89.0, 68.0, 22.0, 52.0, 64.11, 26.53, 49.11, 10.02, -20.98, -26.21, 12.35, 7.74, 4.0, -21.5, -1.86, -6.24, -27.82, -1.38, -6.63, -23.17, -2.29, -5.06];
[74.0, 27.0, 51.0, 106.0, 46.0, 90.0, 89.0, 25.0, 58.0, 39.07, 23.03, 43.52, -9.27, -20.74, -30.01, -12.23, 5.22, -1.9, -20.16, -2.66, -6.35, -13.86, -0.63, -4.25, -15.68, -2.59, -5.45];
[64.0, 28.0, 54.0, 101.0, 51.0, 95.0, 82.0, 25.0, 60.0, 48.99, 22.9, 41.48, -2.26, -25.57, -34.56, -4.88, 5.71, -3.25, -21.1, -1.87, -6.06, -19.71, -1.1, -5.42, -19.6, -2.1, -5.0];
[69.0, 30.0, 55.0, 99.0, 53.0, 97.0, 90.0, 28.0, 61.0, 45.1, 20.85, 41.31, 1.38, -27.48, -36.02, -13.65, 1.43, -5.61, -19.72, -1.36, -4.46, -25.95, -0.96, -4.78, -19.52, -2.12, -4.58];
[46.0, 25.0, 47.0, 87.0, 48.0, 89.0, 57.0, 23.0, 53.0, 67.78, 25.61, 50.48, 8.25, -22.03, -27.0, 17.71, 5.92, 2.06, -17.36, -0.08, -0.59, -19.17, -0.63, -3.47, -15.54, -0.56, -2.74];
[57.0, 27.0, 50.0, 92.0, 49.0, 92.0, 73.0, 24.0, 57.0, 58.18, 23.26, 47.24, 5.23, -23.21, -30.11, 3.28, 4.76, -2.06, -19.64, -0.15, -2.3, -22.56, -0.81, -4.39, -18.25, -0.78, -3.2];
[48.0, 25.0, 47.0, 92.0, 49.0, 88.0, 63.0, 23.0, 53.0, 65.07, 25.11, 49.11, 3.17, -23.5, -27.34, 10.65, 5.68, 1.68, -18.25, -0.25, -3.01, -20.69, -0.66, -3.75, -16.16, -0.93, -3.29];
[51.0, 50.0, 72.0, 78.0, 66.0, 99.0, 94.0, 25.0, 55.0, 62.18, 1.24, 23.38, 21.78, -40.59, -38.6, -16.51, 5.6, 1.57, -24.11, -0.45, -5.2, -20.46, -0.81, -5.3, -22.36, -0.39, -3.33];
[53.0, 33.0, 55.0, 89.0, 56.0, 95.0, 73.0, 26.0, 56.0, 61.59, 18.01, 41.51, 12.32, -30.45, -33.85, 4.21, 3.55, -0.47, -20.88, -1.59, -5.05, -27.36, -1.09, -5.26, -21.2, -2.43, -5.0];
[69.0, 27.0, 52.0, 106.0, 48.0, 93.0, 84.0, 23.0, 55.0, 47.79, 24.44, 44.63, -2.16, -22.39, -31.59, -3.38, 7.39, 1.56, -22.11, -1.71, -5.35, -25.3, -0.81, -5.31, -22.03, -2.4, -5.33];
[85.0, 29.0, 55.0, 119.0, 50.0, 96.0, 104.0, 26.0, 60.0, 27.59, 20.99, 40.69, -24.3, -24.61, -35.72, -30.92, 2.63, -5.42, -18.0, -0.19, -2.98, -20.48, -0.62, -3.56, -15.83, -0.95, -3.27];
[60.0, 56.0, 78.0, 84.0, 73.0, 104.0, 102.0, 27.0, 56.0, 54.02, -3.51, 18.33, 18.03, -47.45, -43.15, -23.16, 3.89, 0.9, -22.92, -2.17, -6.17, -23.23, -0.96, -5.49, -22.24, -1.37, -4.27];
[49.0, 29.0, 51.0, 89.0, 55.0, 94.0, 85.0, 26.0, 56.0, 69.04, 22.47, 45.53, 16.88, -29.39, -32.57, -2.85, 4.62, 0.77, -23.46, -2.08, -5.53, -26.82, -0.98, -5.53, -23.0, -2.47, -5.42];
[60.0, 29.0, 50.0, 99.0, 49.0, 96.0, 78.0, 24.0, 57.0, 52.15, 20.85, 45.43, -5.16, -23.71, -36.04, -5.69, 4.54, -2.54, -17.31, 0.05, -2.47, -19.38, -0.51, -3.16, -14.81, -0.81, -3.04];
[51.0, 47.0, 68.0, 92.0, 75.0, 115.0, 99.0, 32.0, 68.0, 61.09, 3.22, 27.16, 5.21, -49.79, -55.32, -25.87, -2.66, -12.89, -17.21, -0.5, -3.01, -22.41, -0.62, -3.28, -15.88, -1.84, -4.02];
[48.0, 42.0, 64.0, 81.0, 68.0, 99.0, 98.0, 26.0, 57.0, 64.52, 8.08, 30.12, 16.22, -42.82, -39.29, -21.54, 4.29, -0.86, -19.68, -1.36, -5.47, -18.74, -1.01, -4.82, -17.39, -1.7, -4.27];
[58.0, 32.0, 56.0, 95.0, 55.0, 98.0, 83.0, 25.0, 57.0, 56.02, 18.62, 41.45, 0.15, -29.15, -36.3, -8.17, 3.91, -1.99, -15.97, 0.12, 0.12, -18.16, -0.56, -2.96, -14.63, -0.53, -2.41];
[75.0, 79.0, 98.0, 106.0, 94.0, 131.0, 85.0, 45.0, 79.0, 38.16, -27.95, -0.13, -11.81, -68.08, -69.32, -10.78, -15.96, -23.84, -18.93, -0.55, -2.35, -20.42, -0.68, -3.74, -16.49, -0.75, -3.18];
[57.0, 50.0, 67.0, 84.0, 74.0, 104.0, 110.0, 26.0, 57.0, 57.14, 5.57, 30.85, 21.71, -48.24, -42.71, -29.29, 5.57, 0.44, -19.82, -5.51, -7.5, -25.18, -1.13, -5.51, -21.67, -2.6, -5.2];
[54.0, 25.0, 50.0, 104.0, 49.0, 94.0, 83.0, 26.0, 57.0, 61.24, 26.23, 46.53, -1.13, -23.49, -32.89, -4.45, 3.84, -1.16, -19.6, -1.44, -4.43, -26.3, -0.85, -4.76, -20.46, -2.33, -4.84];
[64.0, 32.0, 57.0, 95.0, 52.0, 96.0, 78.0, 27.0, 57.0, 49.78, 18.7, 40.51, -0.05, -26.13, -34.3, -3.35, 1.94, -1.96, -17.8, -0.06, -0.85, -19.92, -0.62, -3.38, -15.98, -0.63, -2.79];
[55.0, 28.0, 50.0, 92.0, 50.0, 93.0, 70.0, 25.0, 56.0, 59.36, 22.25, 46.99, 4.08, -24.33, -31.6, 5.03, 3.76, -1.15, -18.8, 0.01, -1.88, -21.14, -0.7, -3.87, -16.79, -0.71, -3.0];
[58.0, 43.0, 67.0, 88.0, 60.0, 96.0, 91.0, 26.0, 56.0, 54.27, 7.79, 27.83, 10.81, -34.63, -35.83, -14.11, 4.58, 0.52, -25.67, 0.55, -4.59, -19.55, -0.81, -5.46, -23.61, 0.24, -2.61];
[60.0, 41.0, 63.0, 87.0, 61.0, 99.0, 96.0, 25.0, 58.0, 55.93, 13.19, 34.46, 19.83, -35.25, -37.57, -14.0, 6.3, -0.72, -21.26, -3.88, -6.51, -26.07, -0.85, -5.15, -22.4, -2.48, -5.17];
[60.0, 27.0, 53.0, 97.0, 49.0, 93.0, 83.0, 25.0, 58.0, 56.58, 24.3, 43.36, 6.8, -23.47, -31.85, -2.96, 5.43, -1.44, -22.05, -1.67, -5.3, -25.3, -0.7, -5.11, -21.23, -2.23, -5.13];
[55.0, 44.0, 62.0, 114.0, 57.0, 102.0, 110.0, 28.0, 62.0, 57.94, 6.47, 33.44, -15.35, -31.71, -41.98, -35.43, 1.54, -6.64, -17.4, -0.8, -3.31, -22.87, -0.72, -3.63, -16.78, -2.03, -4.26];
[48.0, 37.0, 64.0, 88.0, 71.0, 103.0, 71.0, 26.0, 54.0, 64.62, 12.22, 29.0, 6.96, -46.04, -43.96, 5.31, 3.73, 1.44, -19.63, -1.83, -5.1, -17.64, -1.23, -4.91, -16.8, -1.67, -4.18];
[66.0, 27.0, 51.0, 113.0, 49.0, 94.0, 91.0, 24.0, 58.0, 49.53, 24.21, 45.31, -10.85, -23.53, -33.02, -12.12, 6.17, -1.77, -20.62, -1.32, -4.15, -24.81, -0.83, -4.88, -20.93, -2.4, -5.07];
[80.0, 29.0, 54.0, 113.0, 49.0, 91.0, 98.0, 25.0, 59.0, 32.35, 20.73, 39.55, -16.82, -23.92, -31.66, -21.87, 5.23, -3.0, -19.19, -1.22, -5.17, -18.32, -1.03, -4.65, -16.81, -1.62, -4.08];
[50.0, 31.0, 52.0, 85.0, 48.0, 86.0, 73.0, 24.0, 51.0, 62.35, 18.93, 41.98, 12.27, -22.86, -26.41, 3.6, 6.39, 5.23, -19.6, -1.05, -5.24, -19.52, -1.06, -4.89, -17.84, -1.64, -4.2];
[59.0, 28.0, 54.0, 95.0, 51.0, 96.0, 76.0, 26.0, 58.0, 54.67, 22.9, 43.66, -0.67, -25.29, -34.74, -1.67, 2.94, -3.01, -18.83, -0.29, -2.46, -20.54, -0.58, -3.46, -16.38, -0.68, -3.01];
[51.0, 28.0, 48.0, 81.0, 47.0, 87.0, 80.0, 25.0, 54.0, 61.61, 21.64, 45.48, 15.88, -21.96, -27.71, -3.37, 5.26, 1.98, -19.82, -1.08, -5.14, -19.78, -1.06, -4.78, -17.84, -1.68, -4.11];
[69.0, 28.0, 52.0, 106.0, 51.0, 94.0, 88.0, 25.0, 58.0, 45.27, 23.03, 44.04, -4.95, -25.61, -33.58, -11.26, 4.97, -2.15, -17.5, -1.32, -3.44, -23.91, -0.87, -4.15, -17.93, -2.33, -4.63];
[65.0, 48.0, 68.0, 107.0, 66.0, 107.0, 114.0, 30.0, 63.0, 42.85, 0.8, 25.27, -22.26, -42.14, -50.81, -50.92, -2.5, -10.24, -15.59, 0.86, -2.31, -13.45, 0.26, -0.77, -8.33, -0.32, -1.83];
[56.0, 63.0, 90.0, 85.0, 87.0, 127.0, 68.0, 51.0, 84.0, 54.06, -13.69, 4.16, 5.48, -62.22, -68.65, 0.92, -22.8, -30.11, -15.67, 0.57, -1.82, -16.45, -0.28, -1.99, -11.99, -0.65, -2.61];
[56.0, 58.0, 81.0, 69.0, 65.0, 100.0, 109.0, 42.0, 80.0, 56.41, -8.84, 11.55, 26.51, -40.14, -41.28, -32.79, -11.96, -24.36, -19.27, -0.81, -4.45, -18.37, -0.94, -4.23, -16.77, -1.35, -3.65];
[56.0, 25.0, 50.0, 102.0, 50.0, 93.0, 81.0, 24.0, 57.0, 59.25, 26.32, 46.4, -0.24, -24.49, -32.14, -2.82, 6.37, -0.64, -18.15, -1.47, -3.62, -23.26, -0.86, -4.37, -18.61, -2.64, -5.08];
[72.0, 84.0, 105.0, 103.0, 100.0, 138.0, 95.0, 61.0, 97.0, 44.48, -32.77, -8.89, 0.53, -74.56, -77.17, -14.79, -30.41, -40.33, -21.59, -1.22, -4.98, -24.58, -0.73, -4.88, -21.09, -2.17, -4.82];
[42.0, 31.0, 53.0, 91.0, 56.0, 95.0, 76.0, 23.0, 53.0, 68.81, 18.72, 41.32, 3.72, -31.12, -36.33, -4.75, 6.08, 1.73, -15.81, 0.07, -2.67, -19.74, -0.49, -2.65, -13.76, -1.61, -3.48];
[49.0, 41.0, 63.0, 95.0, 70.0, 103.0, 115.0, 32.0, 63.0, 63.34, 8.25, 29.75, 0.51, -45.11, -44.19, -38.86, -1.92, -7.3, -19.55, -0.86, -4.63, -18.79, -1.0, -4.42, -17.2, -1.48, -3.84];
[59.0, 36.0, 61.0, 92.0, 50.0, 88.0, 76.0, 24.0, 56.0, 53.35, 13.47, 32.23, 4.07, -25.02, -28.86, 0.14, 6.23, -0.08, -19.51, -1.03, -5.05, -19.08, -1.07, -4.72, -16.87, -1.66, -4.05];
[45.0, 30.0, 51.0, 96.0, 53.0, 96.0, 84.0, 23.0, 55.0, 72.13, 21.09, 45.25, 8.72, -27.51, -35.05, -2.89, 7.75, 1.88, -22.33, -1.04, -5.18, -25.88, -0.88, -5.16, -22.03, -2.22, -4.94];
[64.0, 65.0, 87.0, 109.0, 69.0, 115.0, 102.0, 41.0, 78.0, 49.47, -13.81, 10.96, -14.97, -43.31, -53.87, -27.72, -12.01, -22.98, -19.53, -0.64, -2.59, -21.33, -0.66, -3.6, -16.8, -0.83, -3.19];
[66.0, 66.0, 84.0, 94.0, 79.0, 116.0, 110.0, 38.0, 77.0, 47.37, -15.3, 13.16, -0.35, -53.52, -55.35, -36.46, -9.17, -22.21, -18.47, -0.3, -2.42, -19.5, -0.5, -3.2, -15.56, -0.73, -3.01];
[50.0, 36.0, 60.0, 80.0, 54.0, 92.0, 82.0, 24.0, 55.0, 62.41, 13.84, 34.35, 16.81, -28.77, -32.14, -5.67, 6.4, 1.34, -19.84, -1.19, -6.19, -20.19, -1.32, -5.52, -17.74, -1.9, -4.48];
[55.0, 28.0, 52.0, 98.0, 51.0, 97.0, 77.0, 26.0, 57.0, 58.56, 23.54, 46.35, -4.35, -25.34, -35.99, -2.56, 3.02, -1.96, -19.88, -1.0, -2.72, -20.95, -0.59, -3.48, -17.09, -0.84, -3.22];
[76.0, 28.0, 53.0, 110.0, 49.0, 93.0, 93.0, 25.0, 60.0, 39.8, 22.06, 42.36, -11.23, -23.66, -32.47, -14.77, 5.68, -3.22, -22.91, -1.0, -6.81, -21.3, -1.25, -5.83, -19.38, -2.03, -4.79];
[56.0, 57.0, 76.0, 93.0, 72.0, 106.0, 97.0, 25.0, 54.0, 58.26, -5.81, 19.56, 8.1, -46.68, -45.71, -19.48, 5.45, 2.34, -18.02, -0.78, -3.08, -21.3, -0.6, -3.95, -18.04, -2.06, -4.4];
[79.0, 29.0, 53.0, 106.0, 51.0, 96.0, 93.0, 25.0, 60.0, 33.89, 21.71, 43.9, -13.02, -25.64, -35.79, -20.14, 3.8, -5.29, -17.9, -0.46, -2.47, -18.64, -0.5, -2.99, -14.82, -0.83, -3.03];
[59.0, 43.0, 65.0, 88.0, 64.0, 99.0, 103.0, 26.0, 59.0, 56.95, 8.22, 30.83, 13.02, -38.6, -38.36, -24.14, 4.83, -2.17, -23.63, -1.62, -6.5, -23.95, -1.09, -5.68, -21.22, -1.93, -4.77];
[61.0, 30.0, 53.0, 97.0, 51.0, 98.0, 79.0, 26.0, 60.0, 52.62, 21.67, 45.48, -3.41, -25.4, -37.15, -4.49, 3.02, -4.98, -20.05, -1.08, -2.63, -21.12, -0.57, -3.42, -17.17, -0.84, -3.21];
[51.0, 31.0, 52.0, 87.0, 53.0, 94.0, 73.0, 25.0, 56.0, 61.17, 19.33, 44.09, 5.59, -27.78, -34.29, -0.95, 3.81, -1.31, -17.21, -0.15, -2.15, -17.83, -0.42, -2.64, -14.28, -0.94, -3.15];
[66.0, 29.0, 52.0, 97.0, 49.0, 92.0, 101.0, 27.0, 59.0, 49.29, 21.68, 43.26, 3.12, -23.66, -31.59, -22.69, 3.83, -2.19, -22.71, -1.44, -6.43, -23.48, -1.19, -5.76, -20.26, -2.09, -4.83];
[35.0, 32.0, 53.0, 95.0, 55.0, 98.0, 70.0, 24.0, 51.0, 78.37, 18.87, 42.67, 4.82, -29.78, -38.17, 5.26, 6.04, 4.84, -12.68, -0.97, -1.91, -17.8, -0.7, -3.07, -12.39, -1.95, -3.89];
[57.0, 36.0, 60.0, 86.0, 60.0, 97.0, 89.0, 26.0, 58.0, 57.66, 16.27, 35.74, 17.74, -34.6, -36.65, -10.05, 5.25, -0.84, -19.56, -2.23, -4.96, -24.4, -0.86, -4.63, -19.65, -2.56, -5.19];
[51.0, 39.0, 60.0, 97.0, 61.0, 103.0, 77.0, 22.0, 52.0, 63.81, 12.46, 35.66, 5.34, -35.63, -42.6, 1.38, 8.7, 4.63, -19.33, -1.21, -4.05, -23.23, -0.73, -4.35, -19.02, -2.19, -4.68];
[53.0, 61.0, 81.0, 91.0, 67.0, 109.0, 73.0, 45.0, 76.0, 59.26, -10.43, 15.39, 1.15, -41.79, -49.34, -1.1, -16.24, -21.42, -17.06, -0.45, -2.56, -17.5, -0.61, -2.94, -14.17, -1.03, -3.2];
[39.0, 35.0, 59.0, 93.0, 60.0, 101.0, 71.0, 23.0, 50.0, 74.11, 16.02, 38.38, 0.17, -34.6, -40.72, 2.23, 5.9, 4.8, -18.16, -0.78, -2.94, -18.92, -0.56, -3.1, -15.16, -0.95, -3.15];
[57.0, 53.0, 69.0, 105.0, 64.0, 105.0, 114.0, 26.0, 58.0, 56.82, -1.86, 27.02, -4.47, -38.71, -44.96, -38.16, 4.2, -1.98, -8.99, -1.18, -1.63, -14.03, -0.72, -2.76, -9.13, -1.72, -3.45];
[63.0, 30.0, 52.0, 109.0, 52.0, 96.0, 91.0, 24.0, 57.0, 50.49, 21.21, 43.92, -9.34, -26.72, -36.03, -14.94, 6.28, -0.92, -7.76, -1.25, -1.46, -12.07, -0.68, -2.55, -8.5, -1.73, -3.38];
[45.0, 27.0, 49.0, 82.0, 50.0, 91.0, 57.0, 24.0, 52.0, 66.34, 22.9, 46.03, 10.3, -25.18, -32.33, 13.89, 4.59, 2.3, -16.17, 0.17, -2.41, -16.82, -0.24, -2.19, -12.92, -0.93, -2.91];
[53.0, 41.0, 62.0, 106.0, 62.0, 105.0, 80.0, 27.0, 57.0, 60.5, 10.74, 36.52, -12.72, -36.54, -44.49, -5.64, 1.98, -2.08, -19.24, -0.68, -1.89, -20.41, -0.45, -3.17, -15.78, -0.62, -2.92];
[51.0, 28.0, 51.0, 80.0, 48.0, 86.0, 71.0, 23.0, 53.0, 60.97, 21.27, 42.22, 15.56, -23.03, -26.8, 5.13, 7.23, 2.95, -17.25, -1.33, -5.44, -19.06, -1.27, -4.91, -15.64, -2.36, -4.56];
[107.0, 67.0, 92.0, 141.0, 67.0, 113.0, 111.0, 46.0, 82.0, 4.95, -13.33, 3.18, -37.71, -41.69, -53.29, -34.22, -14.19, -24.44, -17.42, -3.84, -5.03, -24.29, -0.86, -4.23, -17.76, -3.01, -5.61];
[55.0, 38.0, 61.0, 90.0, 57.0, 96.0, 85.0, 24.0, 56.0, 58.51, 14.04, 34.28, 12.44, -31.59, -35.83, -7.07, 7.21, 0.99, -18.19, -1.84, -3.91, -23.8, -0.84, -4.33, -18.8, -2.54, -4.98];
[42.0, 36.0, 59.0, 83.0, 61.0, 103.0, 63.0, 36.0, 62.0, 71.51, 15.83, 39.64, 10.29, -35.53, -42.5, 11.49, -7.01, -7.07, -19.28, -0.59, -1.6, -20.14, -0.36, -3.0, -15.86, -0.53, -2.8];
[47.0, 33.0, 56.0, 90.0, 64.0, 102.0, 89.0, 29.0, 59.0, 67.22, 18.47, 39.66, 11.55, -38.61, -41.71, -11.48, 1.79, -2.35, -18.25, -1.04, -3.17, -22.6, -0.8, -4.18, -18.6, -2.38, -4.74];
[50.0, 40.0, 62.0, 113.0, 60.0, 106.0, 99.0, 28.0, 59.0, 62.68, 10.54, 33.79, -16.73, -34.94, -46.61, -25.81, 1.52, -3.72, -15.17, -0.53, -2.59, -18.07, -0.64, -3.09, -13.33, -1.74, -3.83];
[52.0, 44.0, 73.0, 82.0, 58.0, 94.0, 71.0, 23.0, 51.0, 61.84, 6.39, 21.46, 16.97, -32.77, -34.09, 6.26, 7.81, 5.69, -20.65, -1.15, -5.53, -22.36, -1.08, -5.16, -18.75, -2.08, -4.75];
[64.0, 28.0, 52.0, 102.0, 47.0, 90.0, 84.0, 25.0, 56.0, 49.22, 21.94, 42.02, -4.7, -21.78, -30.28, -7.6, 5.76, 0.5, -19.43, -1.11, -5.5, -20.46, -1.26, -5.11, -17.08, -2.23, -4.66];
[63.0, 75.0, 95.0, 77.0, 85.0, 123.0, 92.0, 60.0, 97.0, 50.39, -23.08, 3.73, 16.15, -59.58, -62.62, -17.49, -31.01, -42.09, -19.67, -0.81, -2.29, -20.33, -0.44, -3.08, -16.71, -0.74, -3.04];
[53.0, 31.0, 53.0, 94.0, 58.0, 103.0, 76.0, 28.0, 57.0, 60.17, 20.9, 45.69, -1.1, -32.63, -42.75, -1.69, 0.97, -2.14, -19.49, -1.08, -3.3, -20.61, -0.64, -3.33, -16.88, -0.98, -3.26];
[59.0, 60.0, 79.0, 83.0, 71.0, 104.0, 94.0, 26.0, 56.0, 50.56, -12.1, 11.4, 8.49, -46.52, -46.54, -19.49, 3.4, -1.19, -15.8, 0.02, -2.58, -15.36, -0.83, -3.32, -14.33, -1.03, -3.01];
[40.0, 29.0, 51.0, 92.0, 52.0, 96.0, 69.0, 23.0, 53.0, 73.32, 22.67, 44.69, 8.96, -26.53, -35.79, 7.71, 7.92, 3.55, -16.53, -1.02, -2.51, -21.69, -0.88, -4.0, -17.53, -2.54, -4.69];
[32.0, 32.0, 53.0, 84.0, 77.0, 116.0, 61.0, 35.0, 70.0, 82.01, 19.24, 44.45, 11.09, -51.88, -56.35, 13.48, -5.89, -15.05, -18.24, -0.89, -3.62, -19.14, -0.57, -3.16, -16.01, -1.36, -3.61];
[47.0, 27.0, 50.0, 89.0, 51.0, 95.0, 62.0, 23.0, 51.0, 66.93, 24.88, 48.54, 4.96, -25.74, -34.94, 12.2, 6.01, 3.83, -18.42, -1.26, -3.92, -18.37, -0.56, -3.13, -15.65, -1.09, -3.28];
[78.0, 31.0, 58.0, 115.0, 48.0, 92.0, 103.0, 25.0, 59.0, 30.05, 16.71, 31.91, -24.6, -23.69, -35.01, -29.42, 4.36, -4.29, -13.46, 0.11, -2.02, -13.76, -0.67, -2.77, -12.71, -1.2, -3.05];
[75.0, 31.0, 55.0, 104.0, 53.0, 95.0, 112.0, 27.0, 56.0, 37.46, 20.65, 39.61, -2.75, -27.66, -35.11, -35.16, 4.13, 0.81, -17.28, -1.48, -3.45, -22.14, -0.78, -4.09, -17.78, -2.4, -4.87];
[63.0, 43.0, 60.0, 96.0, 63.0, 100.0, 109.0, 26.0, 58.0, 50.12, 8.39, 35.01, 4.97, -37.63, -39.91, -32.02, 4.72, -1.58, -18.09, -0.79, -2.53, -22.82, -0.77, -4.14, -19.29, -2.21, -4.51];
[71.0, 81.0, 100.0, 100.0, 88.0, 122.0, 79.0, 46.0, 74.0, 40.65, -33.14, -9.41, -7.58, -63.42, -64.26, -3.22, -16.68, -19.27, -20.04, 0.15, -3.43, -18.04, -0.98, -3.93, -17.06, -0.18, -2.42];
[49.0, 37.0, 61.0, 77.0, 60.0, 95.0, 91.0, 26.0, 58.0, 62.33, 12.3, 32.02, 18.66, -34.92, -35.78, -16.39, 4.06, -2.34, -16.47, -0.9, -4.78, -18.34, -1.22, -4.67, -13.89, -1.74, -3.94];
[66.0, 63.0, 90.0, 101.0, 78.0, 120.0, 94.0, 38.0, 73.0, 46.94, -11.29, 6.01, -0.71, -52.56, -59.87, -18.06, -7.37, -16.8, -15.64, -1.1, -2.53, -20.54, -0.86, -3.84, -16.35, -2.31, -4.36];
[52.0, 39.0, 61.0, 100.0, 61.0, 103.0, 86.0, 25.0, 54.0, 61.06, 12.55, 34.26, 0.5, -35.59, -42.98, -9.44, 5.97, 2.61, -17.44, -0.96, -2.61, -22.25, -0.8, -3.97, -18.43, -2.61, -4.91];
[70.0, 83.0, 108.0, 86.0, 85.0, 120.0, 97.0, 57.0, 95.0, 43.01, -31.35, -12.51, 14.85, -59.53, -59.85, -20.4, -26.03, -38.43, -17.24, -0.92, -2.54, -22.51, -0.87, -4.05, -18.47, -2.64, -4.87];
[48.0, 37.0, 59.0, 98.0, 60.0, 108.0, 73.0, 24.0, 55.0, 66.5, 15.28, 40.19, -3.64, -34.69, -47.88, 1.42, 5.2, 0.02, -18.81, -1.58, -4.69, -18.48, -0.69, -3.5, -15.85, -1.33, -3.58];
[79.0, 28.0, 54.0, 117.0, 52.0, 99.0, 93.0, 25.0, 60.0, 34.87, 24.16, 45.04, -23.75, -26.66, -38.87, -18.61, 4.12, -5.03, -18.51, -1.36, -4.23, -18.09, -0.7, -3.27, -15.79, -1.21, -3.39];
[53.0, 47.0, 67.0, 82.0, 66.0, 100.0, 83.0, 25.0, 55.0, 58.44, 2.25, 25.98, 13.78, -40.97, -41.06, -8.7, 5.02, 0.65, -17.88, 0.33, -3.27, -19.06, -0.87, -4.05, -15.44, -0.87, -3.46];
[58.0, 30.0, 52.0, 90.0, 54.0, 94.0, 73.0, 26.0, 57.0, 55.6, 21.93, 45.48, 8.88, -28.61, -33.79, 2.6, 4.44, -0.88, -16.53, -1.84, -3.7, -20.41, -0.99, -4.14, -16.17, -2.55, -4.79];
[62.0, 38.0, 63.0, 93.0, 57.0, 94.0, 86.0, 26.0, 56.0, 51.12, 10.38, 28.15, 1.68, -32.17, -35.63, -10.54, 3.37, -1.25, -17.55, -0.5, -3.52, -17.43, -1.15, -4.1, -13.83, -1.41, -3.2];
[50.0, 48.0, 71.0, 86.0, 67.0, 102.0, 89.0, 25.0, 56.0, 61.89, 0.72, 21.73, 9.08, -42.17, -43.52, -14.91, 4.68, -0.56, -18.16, 0.83, -3.06, -18.24, -0.67, -3.58, -15.04, -0.54, -3.24];
[51.0, 27.0, 51.0, 90.0, 51.0, 95.0, 64.0, 24.0, 54.0, 61.7, 25.0, 47.78, 2.42, -25.73, -35.02, 10.16, 4.98, 0.8, -18.19, -0.99, -4.1, -18.1, -0.67, -3.2, -16.21, -1.18, -3.31];
[67.0, 28.0, 51.0, 100.0, 51.0, 97.0, 84.0, 25.0, 58.0, 45.73, 23.72, 44.85, 0.34, -25.55, -36.88, -8.02, 5.68, -1.76, -16.82, -1.03, -2.64, -21.82, -0.85, -3.98, -17.82, -2.46, -4.65];
[47.0, 28.0, 51.0, 100.0, 52.0, 99.0, 66.0, 24.0, 54.0, 67.72, 24.47, 48.45, -5.73, -26.79, -39.01, 8.84, 5.12, 0.9, -19.2, -1.61, -4.57, -18.61, -0.61, -3.25, -16.45, -1.23, -3.46];
[55.0, 52.0, 68.0, 81.0, 69.0, 100.0, 87.0, 25.0, 54.0, 59.61, -3.73, 22.65, 14.64, -44.14, -41.7, -11.45, 4.28, 0.5, -20.13, 0.04, -2.56, -18.73, -1.08, -3.9, -15.01, -0.89, -2.68];
[80.0, 41.0, 64.0, 104.0, 60.0, 94.0, 119.0, 29.0, 60.0, 32.4, 6.56, 26.28, -11.15, -35.45, -36.45, -43.27, 0.2, -5.47, -19.54, 0.37, -2.77, -17.54, -0.98, -3.63, -16.3, -0.66, -2.62];
[50.0, 29.0, 53.0, 84.0, 49.0, 91.0, 83.0, 24.0, 56.0, 62.09, 22.07, 41.4, 16.25, -23.65, -31.11, -6.32, 6.87, 0.48, -17.48, -0.71, -2.54, -22.6, -0.8, -4.17, -19.46, -2.57, -4.99];
[68.0, 31.0, 54.0, 106.0, 53.0, 97.0, 94.0, 27.0, 59.0, 47.57, 21.87, 46.15, -10.86, -27.81, -37.01, -18.39, 2.4, -3.84, -19.48, -1.87, -5.15, -18.52, -0.52, -3.22, -16.6, -1.46, -3.65];
[45.0, 28.0, 49.0, 91.0, 51.0, 95.0, 66.0, 24.0, 53.0, 71.2, 25.69, 52.44, 6.31, -25.64, -34.63, 9.76, 6.18, 2.89, -20.7, -3.37, -6.83, -21.04, -0.93, -4.24, -17.58, -2.49, -4.84];
[53.0, 48.0, 77.0, 100.0, 74.0, 113.0, 103.0, 42.0, 80.0, 57.73, 1.4, 15.78, -3.69, -48.87, -53.95, -29.08, -12.2, -24.79, -17.14, 0.27, -2.61, -19.54, -0.99, -4.16, -14.98, -0.39, -2.91];
[51.0, 37.0, 60.0, 99.0, 62.0, 108.0, 89.0, 26.0, 57.0, 63.91, 15.7, 39.62, -1.41, -36.71, -47.93, -13.37, 4.26, -1.07, -18.72, -2.49, -5.21, -19.9, -0.83, -3.96, -16.87, -2.42, -4.76];
[65.0, 27.0, 50.0, 88.0, 47.0, 88.0, 75.0, 23.0, 53.0, 48.37, 20.61, 40.41, 5.43, -22.39, -30.34, 1.3, 6.16, 1.47, -20.45, 0.06, -2.97, -18.54, -1.13, -3.87, -16.91, -0.8, -2.75];
[50.0, 27.0, 51.0, 94.0, 50.0, 96.0, 67.0, 24.0, 56.0, 60.03, 24.64, 47.39, -5.19, -25.0, -36.52, 5.18, 4.55, -1.88, -21.23, -1.06, -5.39, -21.04, -0.86, -3.93, -20.0, -1.73, -3.66];
[73.0, 27.0, 54.0, 111.0, 51.0, 98.0, 92.0, 25.0, 60.0, 38.68, 24.87, 44.61, -19.53, -25.83, -38.23, -18.13, 3.83, -5.41, -23.3, -1.45, -5.6, -24.76, -1.08, -4.35, -22.29, -2.03, -4.17];
[46.0, 44.0, 70.0, 82.0, 55.0, 96.0, 84.0, 24.0, 54.0, 64.99, 6.39, 23.6, 16.51, -29.7, -36.52, -8.23, 6.61, 2.1, -16.86, -0.23, -2.63, -21.53, -0.91, -4.12, -18.31, -1.71, -4.33];
[58.0, 32.0, 56.0, 98.0, 58.0, 101.0, 88.0, 24.0, 58.0, 59.06, 22.05, 46.54, -1.15, -32.53, -40.3, -11.73, 5.98, -2.27, -21.34, -3.48, -7.54, -20.11, -0.96, -4.43, -17.74, -2.19, -4.58];
[53.0, 39.0, 60.0, 101.0, 59.0, 109.0, 97.0, 26.0, 58.0, 58.52, 12.84, 38.56, -9.5, -33.92, -49.36, -22.9, 2.79, -3.47, -22.87, -1.24, -5.55, -24.0, -0.94, -4.1, -22.13, -1.98, -4.09];
[49.0, 38.0, 62.0, 82.0, 56.0, 93.0, 73.0, 25.0, 54.0, 60.34, 12.06, 30.99, 12.69, -30.82, -34.21, 1.42, 5.12, 1.48, -15.94, 0.66, -1.46, -17.04, -0.6, -3.09, -15.98, 0.32, -2.64];
[66.0, 67.0, 106.0, 94.0, 61.0, 93.0, 47.0, 23.0, 49.0, 43.5, -16.9, -12.88, 1.53, -35.83, -34.06, 27.47, 7.34, 6.76, -16.42, 0.1, -2.22, -19.01, -0.75, -3.64, -17.55, -1.09, -3.94];
[47.0, 38.0, 62.0, 90.0, 70.0, 103.0, 100.0, 28.0, 58.0, 62.73, 12.13, 31.02, 5.23, -44.8, -44.07, -25.67, 2.09, -2.6, -16.0, 0.52, -1.02, -17.7, -0.67, -3.28, -15.66, 0.32, -2.64];
[50.0, 30.0, 54.0, 88.0, 51.0, 93.0, 61.0, 22.0, 50.0, 61.86, 21.41, 41.09, 11.39, -25.61, -33.16, 14.53, 8.94, 6.39, -17.5, -0.81, -2.66, -21.96, -0.76, -4.03, -19.09, -3.08, -5.35];
[61.0, 46.0, 66.0, 121.0, 63.0, 112.0, 105.0, 27.0, 59.0, 54.92, 7.09, 34.42, -25.47, -37.79, -51.94, -28.58, 2.42, -3.78, -20.1, -1.75, -4.94, -18.8, -0.6, -3.24, -17.59, -1.48, -3.76];
[49.0, 43.0, 64.0, 116.0, 58.0, 107.0, 102.0, 27.0, 59.0, 67.7, 10.68, 37.59, -19.77, -32.65, -46.62, -25.41, 2.71, -3.49, -21.15, -2.37, -6.25, -19.36, -0.73, -3.82, -17.79, -1.78, -4.21];
[54.0, 29.0, 54.0, 81.0, 51.0, 89.0, 66.0, 21.0, 51.0, 59.33, 19.0, 36.77, 13.11, -26.28, -31.07, 10.12, 8.24, 3.5, -20.25, 0.02, -2.76, -18.52, -1.11, -3.88, -16.84, -0.83, -2.78];
[56.0, 44.0, 64.0, 117.0, 64.0, 114.0, 107.0, 27.0, 59.0, 59.8, 9.0, 36.23, -21.56, -38.81, -53.99, -30.52, 2.37, -3.83, -20.22, -1.32, -4.54, -18.79, -0.6, -3.21, -17.51, -1.44, -3.67];
[59.0, 51.0, 96.0, 86.0, 80.0, 131.0, 67.0, 53.0, 98.0, 53.73, -2.59, -4.84, 8.2, -55.19, -72.86, 8.68, -23.65, -43.41, -19.7, -0.01, -2.57, -18.22, -1.06, -3.86, -16.62, -0.71, -2.74];
[50.0, 43.0, 65.0, 96.0, 65.0, 108.0, 105.0, 28.0, 61.0, 64.4, 9.48, 33.69, 2.88, -39.65, -47.91, -28.99, 2.53, -4.9, -18.74, -1.76, -4.31, -20.83, -0.74, -3.86, -17.65, -2.38, -4.63];
[48.0, 25.0, 49.0, 93.0, 50.0, 94.0, 67.0, 24.0, 53.0, 69.83, 29.74, 54.66, 4.36, -24.37, -33.0, 10.01, 6.23, 3.04, -22.25, -3.88, -8.38, -20.58, -1.2, -4.84, -18.58, -2.49, -4.93];
[73.0, 79.0, 123.0, 98.0, 89.0, 115.0, 68.0, 44.0, 73.0, 37.23, -28.55, -29.46, -0.48, -63.73, -55.61, 7.07, -13.58, -17.13, -16.97, -0.25, -2.76, -21.49, -0.95, -4.28, -18.71, -1.98, -4.38];
[64.0, 31.0, 54.0, 98.0, 51.0, 94.0, 91.0, 25.0, 56.0, 43.06, 22.67, 40.88, -2.99, -25.18, -34.07, -17.03, 5.65, -0.63, -12.88, 0.09, 1.04, -14.27, -0.24, -2.35, -15.4, 2.58, -0.59];
[43.0, 26.0, 47.0, 81.0, 48.0, 91.0, 50.0, 22.0, 49.0, 74.81, 29.25, 57.55, 17.92, -22.3, -29.76, 26.42, 8.86, 7.52, -20.72, -4.55, -8.48, -19.77, -1.02, -4.43, -16.05, -2.79, -5.15];
[85.0, 29.0, 55.0, 118.0, 47.0, 92.0, 93.0, 25.0, 59.0, 28.78, 17.71, 34.96, -27.19, -22.83, -35.61, -16.27, 3.31, -5.55, -17.95, -0.45, -3.14, -14.54, -1.01, -3.28, -16.77, -1.85, -3.27];
[54.0, 43.0, 65.0, 111.0, 61.0, 109.0, 89.0, 26.0, 54.0, 65.3, 13.12, 41.04, -11.75, -34.85, -46.92, -11.54, 5.32, 3.08, -22.19, -5.43, -10.12, -20.17, -1.55, -5.56, -17.5, -3.39, -5.73];
[63.0, 57.0, 75.0, 122.0, 88.0, 124.0, 98.0, 40.0, 71.0, 52.52, -4.31, 24.51, -26.93, -62.94, -64.3, -21.08, -10.87, -16.05, -21.6, -0.5, -3.5, -20.17, -0.56, -3.17, -19.6, -1.33, -3.78];
[81.0, 29.0, 53.0, 114.0, 53.0, 98.0, 102.0, 26.0, 61.0, 34.36, 24.74, 48.26, -16.33, -27.57, -37.65, -26.2, 4.55, -4.95, -18.8, -3.12, -5.42, -19.01, -0.8, -3.72, -15.86, -2.44, -4.73];
[54.0, 30.0, 51.0, 94.0, 52.0, 92.0, 80.0, 23.0, 54.0, 56.17, 20.66, 42.95, 3.65, -26.72, -32.6, -5.85, 7.58, 1.91, -17.88, -0.74, -4.28, -23.56, -1.21, -4.82, -19.3, -2.99, -4.94];
[34.0, 32.0, 51.0, 93.0, 61.0, 106.0, 81.0, 25.0, 55.0, 78.86, 19.83, 46.08, 5.19, -35.77, -46.24, -6.15, 5.34, 0.79, -18.53, -1.25, -4.02, -21.63, -0.78, -4.07, -18.26, -2.42, -4.67];
[74.0, 34.0, 56.0, 104.0, 57.0, 96.0, 115.0, 28.0, 63.0, 32.22, 19.97, 38.94, -8.61, -31.07, -35.91, -42.15, 2.79, -7.72, -12.23, -1.47, -0.13, -15.57, -0.77, -3.3, -14.59, 1.2, -1.49];
[52.0, 29.0, 51.0, 80.0, 51.0, 89.0, 75.0, 24.0, 54.0, 55.11, 21.38, 41.84, 15.39, -25.8, -30.18, -2.53, 6.3, 1.43, -14.55, -0.14, -1.9, -19.64, -0.89, -3.8, -16.24, -1.12, -3.66];
[64.0, 57.0, 75.0, 86.0, 73.0, 103.0, 88.0, 23.0, 51.0, 49.32, -9.23, 15.68, 7.22, -48.35, -45.33, -11.6, 6.12, 3.38, -20.47, -0.22, -3.33, -17.54, -1.27, -3.9, -16.93, -1.21, -2.93];
[52.0, 54.0, 78.0, 76.0, 63.0, 95.0, 78.0, 25.0, 52.0, 61.16, -6.66, 12.42, 16.5, -38.52, -37.6, -1.27, 3.92, 2.22, -22.12, -0.65, -4.8, -19.52, -1.39, -4.35, -18.71, -1.09, -2.93];
[54.0, 31.0, 56.0, 87.0, 49.0, 87.0, 67.0, 23.0, 50.0, 54.58, 20.64, 37.66, 8.15, -23.66, -27.9, 6.9, 7.21, 5.14, -15.34, -0.9, -2.11, -16.51, -0.79, -3.46, -15.92, -0.19, -2.53];
[48.0, 29.0, 52.0, 86.0, 56.0, 100.0, 61.0, 23.0, 54.0, 67.62, 23.65, 47.36, 9.0, -31.0, -40.42, 16.15, 6.02, 0.85, -21.44, -0.05, -3.06, -20.11, -0.51, -3.04, -19.82, -1.25, -3.7];
[59.0, 32.0, 54.0, 92.0, 52.0, 95.0, 83.0, 27.0, 61.0, 52.88, 19.12, 41.42, 6.97, -26.73, -35.25, -7.9, 3.38, -5.15, -18.82, -0.89, -4.63, -24.57, -1.04, -4.84, -19.84, -2.92, -5.05];
[55.0, 65.0, 97.0, 81.0, 66.0, 98.0, 75.0, 26.0, 54.0, 58.05, -17.09, -6.19, 12.44, -41.34, -40.25, 1.5, 3.27, 0.52, -20.45, -0.24, -3.34, -17.83, -1.22, -3.9, -17.33, -1.24, -3.01];
[48.0, 26.0, 50.0, 89.0, 51.0, 95.0, 60.0, 23.0, 54.0, 68.72, 26.98, 49.88, 6.99, -25.92, -35.26, 17.74, 6.24, 1.11, -23.01, -0.39, -3.31, -21.36, -0.68, -3.52, -20.71, -1.44, -4.11];
[50.0, 30.0, 52.0, 82.0, 52.0, 90.0, 90.0, 25.0, 55.0, 59.76, 20.61, 41.79, 15.36, -26.76, -30.71, -16.15, 5.48, 0.74, -18.1, -0.53, -3.63, -23.06, -1.09, -4.63, -19.14, -2.36, -4.51];
[46.0, 27.0, 49.0, 87.0, 47.0, 88.0, 70.0, 23.0, 51.0, 59.62, 23.48, 43.65, 7.29, -21.83, -29.37, 1.15, 7.28, 4.24, -12.78, 0.04, -1.25, -17.42, -0.77, -3.34, -14.21, -0.64, -3.11];
[81.0, 90.0, 110.0, 124.0, 73.0, 116.0, 124.0, 37.0, 75.0, 32.29, -42.83, -19.71, -31.79, -48.57, -58.85, -47.39, -8.21, -20.96, -20.37, -0.16, -3.3, -16.84, -1.3, -3.71, -16.67, -1.21, -2.78];
[59.0, 72.0, 98.0, 91.0, 85.0, 125.0, 118.0, 47.0, 87.0, 52.8, -23.45, -6.63, 2.72, -60.19, -66.95, -42.63, -17.62, -32.43, -19.91, -0.35, -3.3, -17.8, -1.12, -3.94, -17.2, -1.04, -2.96];
[52.0, 44.0, 64.0, 99.0, 57.0, 97.0, 107.0, 27.0, 59.0, 58.72, 6.71, 30.38, -0.26, -31.77, -37.61, -32.56, 3.33, -3.38, -19.49, -1.12, -5.33, -26.51, -1.39, -5.28, -20.93, -3.21, -5.03];
[52.0, 46.0, 66.0, 89.0, 59.0, 96.0, 97.0, 26.0, 58.0, 55.68, 6.02, 27.86, 6.08, -33.59, -36.8, -23.63, 4.31, -2.82, -14.58, -1.45, -2.54, -16.31, -0.91, -3.62, -15.81, -0.69, -2.82];
[33.0, 31.0, 53.0, 106.0, 53.0, 104.0, 64.0, 23.0, 52.0, 85.35, 23.79, 50.51, -7.83, -27.45, -43.15, 14.01, 7.23, 4.05, -22.43, -2.79, -7.63, -20.0, -1.07, -4.45, -19.11, -2.43, -4.98];
[65.0, 53.0, 74.0, 108.0, 72.0, 116.0, 98.0, 31.0, 62.0, 51.51, -0.12, 25.64, -12.28, -47.02, -56.43, -20.08, -2.03, -7.14, -22.82, -0.02, -2.85, -21.02, -0.53, -3.21, -20.91, -1.17, -3.85];
[90.0, 32.0, 59.0, 129.0, 52.0, 99.0, 121.0, 27.0, 65.0, 20.36, 18.67, 35.16, -30.66, -26.77, -39.66, -46.88, 3.27, -9.47, -18.66, -0.77, -4.38, -24.76, -1.2, -4.87, -19.8, -2.59, -4.59];
[41.0, 27.0, 50.0, 84.0, 51.0, 94.0, 57.0, 23.0, 50.0, 76.18, 25.88, 49.45, 12.21, -26.05, -34.58, 21.51, 6.05, 4.97, -23.07, 0.13, -2.19, -20.8, -0.47, -3.0, -21.05, -1.14, -3.9];
[45.0, 40.0, 59.0, 98.0, 55.0, 99.0, 85.0, 26.0, 57.0, 69.52, 12.51, 39.38, 2.46, -29.63, -38.87, -7.9, 4.52, -0.97, -20.12, -1.93, -5.19, -23.99, -1.03, -4.6, -20.01, -2.46, -4.7];
[49.0, 27.0, 49.0, 87.0, 51.0, 93.0, 74.0, 24.0, 54.0, 70.12, 28.63, 56.18, 12.47, -25.15, -31.46, 4.33, 6.77, 2.59, -23.3, -3.91, -9.61, -21.62, -1.46, -5.37, -19.73, -3.06, -5.61];
[46.0, 26.0, 49.0, 89.0, 52.0, 93.0, 65.0, 22.0, 51.0, 70.98, 27.67, 52.64, 10.81, -26.66, -32.52, 12.29, 8.05, 4.72, -21.4, -2.46, -6.66, -22.08, -1.0, -4.63, -18.7, -2.13, -4.61];
[39.0, 24.0, 47.0, 80.0, 47.0, 89.0, 55.0, 22.0, 52.0, 73.37, 27.05, 48.61, 19.42, -21.86, -29.44, 20.56, 8.23, 3.62, -20.36, -0.85, -4.49, -25.63, -1.06, -4.88, -20.96, -2.42, -4.62];
[63.0, 35.0, 56.0, 100.0, 51.0, 94.0, 104.0, 26.0, 57.0, 45.23, 15.42, 37.07, -3.72, -25.86, -35.12, -30.84, 3.97, -1.92, -16.85, -0.37, -2.51, -20.64, -0.93, -4.14, -17.73, -0.83, -3.21];
[81.0, 29.0, 54.0, 110.0, 48.0, 91.0, 86.0, 24.0, 56.0, 27.43, 21.66, 39.09, -15.59, -22.88, -32.22, -12.75, 5.6, -1.4, -15.47, -1.95, -4.16, -16.55, -1.21, -4.13, -16.36, -2.14, -3.77];
[56.0, 30.0, 51.0, 89.0, 51.0, 92.0, 84.0, 24.0, 56.0, 59.29, 22.55, 47.91, 10.77, -25.69, -31.87, -6.4, 6.11, -0.33, -20.89, -2.01, -5.27, -23.59, -1.11, -4.76, -20.18, -2.19, -4.57];
[44.0, 39.0, 59.0, 109.0, 57.0, 104.0, 96.0, 25.0, 54.0, 74.04, 13.92, 40.47, -12.03, -32.08, -44.67, -16.7, 4.17, 1.12, -23.23, 0.43, -1.55, -20.38, -0.44, -2.85, -21.19, -1.13, -3.99];
[52.0, 30.0, 53.0, 82.0, 53.0, 92.0, 83.0, 24.0, 52.0, 56.07, 20.53, 40.04, 13.6, -27.86, -33.19, -10.05, 5.89, 2.94, -16.71, -0.43, -2.59, -19.3, -0.92, -3.96, -17.24, -0.71, -3.0];
[66.0, 32.0, 55.0, 91.0, 49.0, 91.0, 82.0, 27.0, 58.0, 46.58, 15.75, 36.1, 2.47, -24.39, -33.09, -5.67, 2.1, -3.57, -22.52, -0.82, -5.41, -19.85, -1.27, -4.4, -19.16, -1.02, -2.81];
[37.0, 24.0, 47.0, 79.0, 43.0, 84.0, 42.0, 20.0, 45.0, 75.69, 23.8, 44.4, 15.01, -18.4, -25.81, 34.66, 9.15, 9.58, -23.42, -1.59, -5.94, -21.56, -1.5, -5.16, -19.9, -1.2, -3.24];
[45.0, 27.0, 51.0, 84.0, 52.0, 94.0, 58.0, 23.0, 51.0, 73.63, 27.13, 50.95, 15.51, -26.62, -33.5, 21.74, 6.94, 4.86, -24.37, -1.65, -5.89, -23.67, -1.12, -4.67, -22.78, -2.33, -5.14];
[48.0, 33.0, 54.0, 107.0, 58.0, 104.0, 90.0, 25.0, 55.0, 70.16, 21.33, 48.76, -6.14, -32.49, -43.12, -11.04, 5.24, 1.05, -22.49, -2.81, -7.31, -22.78, -1.23, -5.12, -19.92, -2.19, -4.89];
[72.0, 67.0, 84.0, 97.0, 70.0, 104.0, 99.0, 30.0, 63.0, 40.65, -19.16, 7.5, -2.92, -45.39, -45.75, -22.33, -0.83, -8.38, -23.26, -1.61, -5.93, -21.48, -1.49, -5.2, -19.78, -1.21, -3.28];
[53.0, 27.0, 50.0, 96.0, 53.0, 96.0, 68.0, 23.0, 53.0, 65.62, 25.94, 49.7, 1.54, -28.04, -36.6, 11.87, 6.25, 2.25, -23.7, 0.6, -1.5, -20.62, -0.45, -2.88, -21.61, -1.11, -4.08];
[40.0, 25.0, 50.0, 85.0, 51.0, 93.0, 56.0, 23.0, 51.0, 78.74, 29.29, 52.31, 14.86, -25.58, -32.35, 23.75, 7.03, 4.94, -24.58, -1.98, -6.83, -24.46, -1.24, -4.99, -22.94, -2.49, -5.26];
[31.0, 29.0, 50.0, 88.0, 53.0, 95.0, 69.0, 23.0, 50.0, 81.0, 21.5, 44.9, 11.08, -27.97, -35.53, 6.26, 7.03, 5.4, -19.95, -0.59, -3.93, -24.9, -1.1, -5.16, -20.47, -1.51, -3.99];
[39.0, 32.0, 51.0, 94.0, 54.0, 98.0, 76.0, 23.0, 51.0, 72.82, 18.37, 43.8, 4.66, -28.95, -38.5, -1.03, 6.72, 4.08, -19.93, -0.54, -3.87, -23.99, -1.07, -5.18, -20.14, -1.03, -3.58];
[48.0, 26.0, 50.0, 87.0, 49.0, 89.0, 68.0, 22.0, 52.0, 65.26, 25.05, 45.89, 13.14, -23.89, -29.27, 8.27, 8.09, 3.53, -22.79, -1.46, -5.25, -28.93, -1.49, -5.87, -23.35, -2.88, -5.15];
[69.0, 69.0, 89.0, 110.0, 73.0, 113.0, 122.0, 38.0, 76.0, 41.71, -20.21, 3.25, -14.68, -48.09, -54.37, -47.01, -8.56, -21.23, -20.31, -0.79, -4.5, -19.48, -1.18, -4.49, -18.15, -1.16, -3.32];
[54.0, 38.0, 60.0, 109.0, 58.0, 105.0, 101.0, 26.0, 59.0, 63.83, 15.53, 41.01, -8.21, -32.7, -44.58, -21.81, 3.86, -3.32, -23.55, -1.93, -6.21, -25.44, -1.29, -5.24, -21.81, -2.15, -4.83];
[55.0, 40.0, 61.0, 91.0, 58.0, 98.0, 100.0, 25.0, 55.0, 54.38, 9.66, 31.82, 4.71, -33.04, -39.34, -26.54, 4.38, -0.48, -18.51, -0.3, -3.59, -18.83, -0.85, -4.09, -17.49, -0.56, -2.79];
[69.0, 63.0, 84.0, 108.0, 75.0, 112.0, 130.0, 34.0, 72.0, 46.75, -10.83, 14.43, -7.79, -49.87, -52.1, -52.11, -4.23, -16.54, -22.29, -0.96, -4.23, -24.74, -1.04, -4.77, -21.29, -1.9, -4.54];
[60.0, 69.0, 95.0, 109.0, 67.0, 109.0, 98.0, 31.0, 66.0, 50.8, -20.31, -2.73, -13.65, -42.1, -50.35, -22.93, -1.56, -11.21, -19.89, -0.69, -4.56, -18.45, -1.08, -4.3, -17.46, -1.08, -3.21];
[38.0, 37.0, 58.0, 97.0, 62.0, 111.0, 72.0, 24.0, 53.0, 80.01, 16.64, 43.15, 3.67, -36.71, -50.6, 7.32, 5.82, 2.66, -24.94, -2.22, -7.18, -28.68, -1.61, -5.89, -23.87, -2.67, -5.19];
[70.0, 29.0, 52.0, 102.0, 54.0, 102.0, 79.0, 25.0, 58.0, 48.54, 24.6, 48.97, -4.94, -29.04, -42.16, 0.68, 3.8, -3.2, -23.26, 0.33, -1.85, -19.56, -0.41, -3.1, -21.25, -0.57, -3.58];
[57.0, 63.0, 85.0, 112.0, 73.0, 115.0, 103.0, 30.0, 65.0, 62.24, -9.68, 15.48, -12.97, -47.88, -55.16, -22.28, -0.56, -9.49, -24.62, 0.42, -2.06, -22.15, -0.64, -3.42, -22.78, -1.22, -4.37];
[49.0, 36.0, 61.0, 87.0, 51.0, 90.0, 65.0, 22.0, 50.0, 61.15, 12.94, 31.39, 8.41, -26.06, -31.31, 9.61, 7.49, 4.8, -19.39, -0.74, -4.41, -18.12, -1.05, -4.26, -17.55, -1.12, -3.29];
[51.0, 26.0, 48.0, 90.0, 46.0, 86.0, 61.0, 21.0, 50.0, 58.79, 23.1, 44.46, 5.43, -21.03, -27.3, 13.33, 8.52, 4.8, -18.88, -0.78, -4.29, -17.86, -1.03, -4.21, -17.26, -1.12, -3.29];
[43.0, 41.0, 59.0, 93.0, 56.0, 97.0, 93.0, 25.0, 55.0, 67.82, 9.14, 35.26, 5.02, -30.98, -37.77, -18.79, 4.7, 0.02, -19.5, -0.7, -3.73, -23.05, -1.12, -5.16, -19.28, -0.66, -3.27];
[57.0, 26.0, 50.0, 93.0, 53.0, 97.0, 73.0, 23.0, 54.0, 61.85, 27.87, 51.61, 4.28, -27.94, -36.8, 6.77, 5.76, 0.78, -23.46, 0.1, -2.32, -19.66, -0.52, -3.42, -21.29, -0.55, -3.57];
[41.0, 23.0, 47.0, 81.0, 46.0, 89.0, 45.0, 19.0, 48.0, 76.63, 29.9, 52.71, 20.61, -20.82, -28.79, 34.5, 10.75, 7.56, -23.29, -1.17, -4.49, -25.52, -1.06, -4.9, -22.04, -1.82, -4.62];
[66.0, 31.0, 59.0, 90.0, 49.0, 88.0, 81.0, 25.0, 53.0, 46.27, 17.16, 33.65, 5.16, -24.27, -29.12, -4.73, 4.35, 1.84, -22.68, -2.02, -6.54, -20.56, -1.44, -5.35, -18.85, -1.43, -3.64];
[44.0, 38.0, 60.0, 96.0, 60.0, 105.0, 79.0, 25.0, 52.0, 74.99, 15.91, 41.11, 3.3, -34.86, -44.98, 1.63, 4.42, 3.45, -24.43, 0.0, -2.81, -22.21, -0.78, -3.77, -22.94, -1.49, -4.49];
[48.0, 25.0, 50.0, 91.0, 48.0, 90.0, 74.0, 23.0, 53.0, 66.56, 26.39, 46.73, 9.18, -22.91, -30.28, 3.38, 6.76, 2.31, -22.59, -1.09, -4.85, -26.44, -1.26, -5.31, -22.39, -2.16, -4.6];
[67.0, 78.0, 107.0, 89.0, 64.0, 97.0, 82.0, 26.0, 55.0, 44.32, -29.76, -14.67, 5.32, -39.28, -38.4, -6.13, 3.43, -0.15, -20.81, -1.81, -5.64, -17.8, -1.29, -4.79, -17.67, -1.68, -3.9];
[52.0, 41.0, 64.0, 93.0, 53.0, 94.0, 80.0, 23.0, 53.0, 59.81, 9.08, 30.49, 5.44, -28.09, -34.74, -4.97, 6.6, 1.99, -20.02, -0.64, -3.47, -23.14, -1.06, -5.31, -19.88, -0.18, -3.01];
[60.0, 56.0, 71.0, 94.0, 64.0, 99.0, 100.0, 26.0, 57.0, 51.53, -7.78, 21.52, 0.44, -39.28, -40.28, -23.91, 3.45, -2.09, -21.04, -1.85, -5.78, -17.65, -1.26, -4.78, -17.6, -1.67, -3.9];
[54.0, 28.0, 51.0, 93.0, 56.0, 100.0, 80.0, 24.0, 55.0, 64.88, 26.03, 50.29, 6.74, -30.83, -39.83, 0.47, 5.5, 0.47, -24.52, -0.83, -3.99, -23.22, -0.94, -4.3, -23.22, -1.69, -4.55];
[35.0, 29.0, 51.0, 74.0, 52.0, 89.0, 60.0, 22.0, 49.0, 74.9, 20.49, 42.5, 23.79, -27.12, -30.07, 13.72, 7.48, 5.8, -18.67, -0.46, -4.44, -21.26, -0.95, -4.79, -17.65, -0.72, -3.14];
[62.0, 32.0, 54.0, 92.0, 50.0, 89.0, 84.0, 26.0, 57.0, 50.65, 16.27, 39.28, 3.49, -25.22, -29.74, -7.19, 3.43, -1.95, -23.26, -2.3, -7.35, -22.39, -1.65, -6.18, -19.73, -1.28, -3.7];
[54.0, 29.0, 51.0, 88.0, 51.0, 91.0, 95.0, 24.0, 55.0, 56.28, 20.62, 42.67, 10.16, -26.12, -32.05, -21.37, 5.39, -0.3, -19.03, -0.54, -4.09, -22.24, -1.01, -4.93, -17.81, -0.53, -2.98];
[52.0, 33.0, 54.0, 99.0, 61.0, 107.0, 109.0, 26.0, 56.0, 65.94, 19.81, 45.4, 2.72, -35.9, -46.93, -29.2, 3.56, -0.61, -24.05, -0.89, -4.48, -26.66, -1.07, -4.94, -23.11, -1.85, -4.58];
[57.0, 60.0, 86.0, 87.0, 59.0, 96.0, 103.0, 27.0, 57.0, 56.44, -12.07, 6.96, 8.86, -34.34, -36.9, -24.91, 2.3, -1.91, -23.49, -1.62, -6.5, -21.67, -1.39, -5.7, -20.53, -1.2, -3.72];
[49.0, 25.0, 48.0, 90.0, 50.0, 91.0, 77.0, 25.0, 56.0, 64.75, 25.67, 47.59, 10.25, -25.01, -31.36, -0.21, 4.67, -0.85, -22.28, -1.2, -4.78, -27.8, -1.34, -5.77, -22.26, -1.91, -4.4];
[67.0, 29.0, 53.0, 103.0, 51.0, 96.0, 86.0, 25.0, 55.0, 50.66, 23.52, 45.89, -1.2, -25.94, -36.02, -6.31, 4.5, 0.32, -23.96, -0.68, -4.19, -26.91, -1.04, -4.91, -23.21, -1.76, -4.51];
[57.0, 31.0, 52.0, 93.0, 51.0, 91.0, 91.0, 23.0, 54.0, 55.22, 18.94, 42.41, 5.77, -26.16, -31.75, -15.74, 6.5, 0.93, -20.64, -0.52, -3.63, -24.05, -1.04, -5.41, -20.01, -0.29, -3.06];
[58.0, 31.0, 55.0, 95.0, 51.0, 92.0, 82.0, 24.0, 58.0, 55.89, 19.71, 40.67, 5.38, -26.01, -32.37, -5.08, 5.66, -2.85, -22.08, -1.01, -4.7, -27.66, -1.36, -5.76, -22.23, -1.94, -4.45];
[46.0, 29.0, 50.0, 85.0, 51.0, 90.0, 80.0, 24.0, 53.0, 65.98, 20.85, 44.23, 13.72, -26.16, -30.83, -4.89, 5.49, 1.92, -20.65, -0.64, -3.82, -23.55, -1.02, -5.27, -19.85, -0.44, -3.16];
[56.0, 31.0, 53.0, 95.0, 58.0, 99.0, 78.0, 24.0, 56.0, 62.97, 23.35, 48.64, 4.94, -32.86, -38.85, 2.69, 5.36, -0.64, -24.63, -0.48, -3.43, -23.3, -0.93, -4.18, -23.2, -1.66, -4.51];
[53.0, 51.0, 72.0, 91.0, 83.0, 121.0, 66.0, 43.0, 71.0, 65.83, 2.88, 29.37, 7.4, -57.91, -60.89, 14.31, -13.96, -15.92, -23.05, 0.69, -1.59, -19.88, -0.59, -3.21, -21.78, -0.86, -3.91];
[57.0, 31.0, 52.0, 90.0, 52.0, 91.0, 88.0, 25.0, 56.0, 52.54, 17.74, 40.78, 6.95, -27.14, -32.18, -13.78, 4.54, -1.1, -18.36, -0.64, -5.42, -17.58, -0.85, -4.35, -16.54, -0.97, -3.23];
[62.0, 57.0, 77.0, 93.0, 78.0, 110.0, 98.0, 31.0, 62.0, 51.21, -9.06, 16.07, 2.77, -53.34, -50.81, -19.89, -1.62, -6.76, -22.91, -1.55, -6.37, -21.02, -1.34, -5.7, -20.22, -1.27, -3.89];
[56.0, 31.0, 54.0, 96.0, 55.0, 99.0, 70.0, 23.0, 53.0, 62.44, 22.59, 46.51, 4.61, -29.91, -38.96, 10.09, 6.36, 2.26, -24.15, -0.35, -3.22, -24.26, -0.92, -4.28, -22.99, -1.64, -4.4];
[51.0, 27.0, 50.0, 95.0, 55.0, 98.0, 81.0, 25.0, 54.0, 68.44, 28.23, 52.69, 4.96, -29.85, -37.75, 0.38, 4.3, 1.37, -24.94, -0.77, -3.75, -22.2, -0.85, -3.96, -23.67, -1.58, -4.52];
[77.0, 27.0, 52.0, 101.0, 57.0, 102.0, 84.0, 25.0, 57.0, 41.96, 27.17, 49.49, -2.14, -31.91, -41.95, -3.32, 4.15, -1.81, -23.86, 0.62, -2.15, -20.56, -0.66, -3.45, -22.48, -1.12, -4.13];
[58.0, 32.0, 55.0, 101.0, 50.0, 93.0, 73.0, 24.0, 54.0, 51.96, 17.02, 38.25, -2.39, -25.11, -34.0, 1.09, 5.53, 0.95, -18.48, -0.39, -4.92, -20.94, -1.0, -4.87, -17.4, -0.94, -3.39];
[61.0, 31.0, 55.0, 96.0, 61.0, 101.0, 96.0, 24.0, 55.0, 57.56, 21.94, 44.46, 5.79, -35.96, -40.99, -15.78, 5.37, 0.24, -24.36, -0.39, -3.55, -26.17, -1.01, -4.63, -23.42, -1.69, -4.43];
[57.0, 32.0, 55.0, 95.0, 52.0, 91.0, 87.0, 23.0, 54.0, 55.41, 17.79, 39.21, 4.16, -27.22, -31.79, -11.56, 6.41, 0.86, -20.87, -0.93, -3.97, -25.57, -1.23, -5.78, -19.69, -0.76, -3.55];
[62.0, 72.0, 103.0, 86.0, 61.0, 97.0, 94.0, 26.0, 56.0, 47.63, -23.46, -10.45, 10.44, -36.18, -38.23, -19.76, 3.52, -1.13, -19.64, -0.77, -6.01, -18.11, -0.94, -4.48, -17.09, -0.95, -3.14];
[60.0, 50.0, 76.0, 87.0, 65.0, 96.0, 98.0, 26.0, 56.0, 53.51, -1.89, 17.54, 9.1, -40.28, -36.48, -19.48, 3.48, -0.56, -22.49, -1.77, -6.56, -20.33, -1.34, -5.86, -20.07, -1.46, -4.3];
[57.0, 75.0, 114.0, 73.0, 73.0, 108.0, 59.0, 48.0, 69.0, 52.9, -26.75, -21.58, 22.59, -48.25, -49.2, 15.64, -18.53, -14.08, -20.56, -0.67, -6.51, -18.14, -1.0, -4.66, -17.61, -0.84, -3.1];
[58.0, 40.0, 65.0, 100.0, 58.0, 100.0, 106.0, 26.0, 57.0, 51.79, 8.74, 28.06, -1.0, -33.12, -41.04, -32.17, 3.48, -2.08, -18.31, -0.2, -4.85, -21.15, -1.0, -4.84, -17.0, -0.91, -3.38];
[57.0, 60.0, 81.0, 90.0, 75.0, 113.0, 75.0, 31.0, 60.0, 60.67, -7.73, 17.48, 12.1, -50.03, -53.18, 4.57, -1.68, -4.88, -24.01, -0.66, -4.07, -27.32, -1.15, -5.06, -22.88, -1.54, -4.19];
[80.0, 29.0, 55.0, 115.0, 48.0, 96.0, 99.0, 26.0, 62.0, 34.04, 19.5, 39.33, -18.36, -23.05, -35.68, -19.57, 3.67, -6.18, -22.27, -2.08, -6.32, -20.57, -1.46, -6.31, -20.4, -1.65, -4.71];
[54.0, 52.0, 71.0, 91.0, 64.0, 97.0, 123.0, 27.0, 60.0, 58.75, -3.72, 22.69, 5.07, -39.16, -37.3, -45.31, 2.7, -4.47, -21.38, -1.74, -6.54, -19.0, -1.33, -5.81, -18.89, -1.74, -4.44];
[76.0, 30.0, 58.0, 116.0, 49.0, 92.0, 106.0, 25.0, 62.0, 36.0, 18.2, 35.39, -20.14, -24.21, -32.52, -29.09, 4.62, -6.64, -20.75, -1.62, -6.37, -18.68, -1.27, -5.61, -18.26, -1.69, -4.29];
[41.0, 39.0, 63.0, 78.0, 58.0, 94.0, 84.0, 25.0, 55.0, 69.24, 9.08, 29.67, 17.57, -33.26, -34.97, -8.74, 4.53, 0.1, -19.76, -1.32, -6.27, -18.11, -1.17, -5.17, -17.3, -1.46, -3.89];
[75.0, 28.0, 54.0, 115.0, 56.0, 101.0, 80.0, 23.0, 55.0, 44.77, 27.91, 49.4, -14.81, -30.82, -40.62, 2.03, 6.21, 0.34, -25.22, -0.21, -3.72, -19.57, -0.74, -3.54, -23.4, -1.48, -4.43];
[82.0, 30.0, 54.0, 120.0, 52.0, 95.0, 104.0, 24.0, 58.0, 37.52, 22.64, 44.94, -17.32, -27.17, -35.11, -23.32, 4.9, -3.25, -25.16, -0.25, -3.25, -26.71, -0.86, -4.7, -23.27, -1.07, -3.72];
[40.0, 33.0, 58.0, 72.0, 56.0, 92.0, 63.0, 22.0, 50.0, 69.96, 15.72, 35.07, 27.19, -31.14, -33.07, 10.97, 7.45, 4.91, -18.57, -0.31, -4.57, -21.21, -1.02, -4.84, -17.04, -0.88, -3.33];
[77.0, 28.0, 52.0, 115.0, 56.0, 103.0, 104.0, 24.0, 59.0, 41.91, 24.98, 47.42, -13.08, -31.03, -43.06, -23.46, 5.18, -3.93, -24.27, 0.73, -1.55, -25.64, -0.92, -4.36, -23.21, -1.58, -4.21];
[73.0, 29.0, 50.0, 101.0, 47.0, 90.0, 82.0, 24.0, 56.0, 36.07, 19.05, 42.34, -5.12, -22.29, -31.15, -7.65, 5.55, -0.94, -19.43, -1.25, -6.64, -18.51, -1.17, -5.08, -16.98, -1.26, -3.69];
[61.0, 62.0, 84.0, 90.0, 62.0, 98.0, 98.0, 25.0, 54.0, 53.5, -13.71, 10.0, 7.1, -37.15, -37.99, -18.34, 4.94, 1.97, -21.76, -1.7, -6.04, -18.53, -1.23, -5.83, -19.2, -1.68, -4.73];
[49.0, 29.0, 52.0, 84.0, 51.0, 92.0, 61.0, 23.0, 52.0, 67.59, 22.53, 45.39, 18.97, -26.06, -32.39, 18.38, 6.4, 3.15, -23.43, -0.49, -4.61, -29.02, -1.22, -5.29, -23.05, -1.58, -4.22];
[61.0, 29.0, 54.0, 96.0, 59.0, 103.0, 84.0, 26.0, 60.0, 57.85, 25.22, 47.51, 3.34, -33.89, -42.94, -3.33, 3.19, -4.78, -23.97, 0.81, -2.0, -22.35, -0.9, -3.96, -23.29, -1.65, -4.45];
[78.0, 29.0, 55.0, 114.0, 49.0, 91.0, 95.0, 24.0, 58.0, 33.68, 20.13, 38.24, -15.21, -24.47, -32.18, -20.28, 5.01, -3.48, -19.88, -0.22, -3.78, -22.41, -0.74, -4.91, -17.94, -0.3, -2.83];
[66.0, 36.0, 61.0, 92.0, 50.0, 90.0, 77.0, 23.0, 54.0, 43.84, 12.65, 32.01, 7.17, -25.14, -31.08, -3.1, 6.46, 0.92, -18.06, -0.28, -4.62, -20.05, -0.94, -4.64, -16.13, -0.81, -3.22];
[63.0, 27.0, 51.0, 101.0, 48.0, 90.0, 87.0, 24.0, 57.0, 48.84, 22.27, 42.43, -1.92, -23.41, -31.14, -12.06, 5.07, -2.43, -19.99, -0.4, -4.02, -22.49, -0.79, -4.93, -18.05, -0.34, -2.86];
[50.0, 26.0, 49.0, 90.0, 52.0, 94.0, 64.0, 22.0, 51.0, 68.84, 26.92, 50.33, 11.97, -27.04, -34.08, 16.5, 7.17, 4.05, -24.18, 0.84, -1.36, -25.82, -0.93, -4.39, -23.25, -1.61, -4.22];
[60.0, 26.0, 49.0, 100.0, 55.0, 98.0, 70.0, 22.0, 52.0, 59.18, 28.71, 53.06, 0.11, -29.88, -37.85, 11.12, 7.22, 3.27, -24.04, 0.98, -2.17, -21.52, -0.91, -3.92, -23.26, -1.94, -4.69];
[57.0, 61.0, 87.0, 81.0, 49.0, 86.0, 61.0, 23.0, 50.0, 51.44, -12.97, 4.88, 15.01, -24.33, -27.45, 12.62, 6.48, 4.96, -20.99, -1.24, -7.24, -19.81, -1.21, -5.07, -18.03, -0.73, -3.24];
[63.0, 34.0, 60.0, 90.0, 49.0, 91.0, 81.0, 25.0, 58.0, 45.97, 14.31, 32.36, 6.9, -24.25, -32.34, -7.32, 4.47, -3.08, -19.3, -1.34, -6.26, -18.81, -1.13, -4.85, -16.65, -1.04, -3.47];
[45.0, 27.0, 50.0, 83.0, 48.0, 83.0, 70.0, 24.0, 53.0, 64.3, 20.9, 42.95, 13.04, -23.28, -23.55, 4.91, 5.63, 2.32, -16.33, -0.71, -5.57, -16.64, -0.92, -5.29, -15.62, -2.06, -4.4];
[76.0, 28.0, 53.0, 115.0, 52.0, 97.0, 99.0, 24.0, 59.0, 43.37, 24.64, 45.94, -12.39, -27.16, -37.13, -18.36, 4.94, -4.21, -24.91, 0.02, -2.62, -26.53, -0.87, -4.64, -23.23, -1.18, -3.8];
[72.0, 28.0, 54.0, 107.0, 50.0, 91.0, 92.0, 24.0, 55.0, 40.54, 21.66, 40.01, -7.05, -25.31, -32.04, -16.3, 5.16, -0.35, -20.64, -1.32, -4.61, -24.22, -1.12, -5.4, -18.87, -0.82, -3.42];
[48.0, 33.0, 57.0, 93.0, 54.0, 95.0, 94.0, 25.0, 54.0, 65.83, 17.21, 37.9, 8.69, -29.21, -35.9, -17.21, 4.21, 0.69, -21.74, -1.69, -5.25, -26.3, -1.22, -5.49, -20.12, -0.93, -3.52];
[47.0, 26.0, 48.0, 86.0, 45.0, 86.0, 75.0, 24.0, 52.0, 60.64, 21.69, 43.65, 9.57, -20.4, -27.47, -1.83, 5.46, 2.93, -16.73, -0.77, -5.08, -16.87, -0.94, -4.53, -14.97, -1.38, -3.7];
[71.0, 91.0, 124.0, 90.0, 79.0, 110.0, 80.0, 37.0, 66.0, 42.19, -42.83, -30.43, 6.66, -54.21, -50.33, -1.66, -7.17, -10.31, -20.96, -1.61, -5.84, -18.3, -1.19, -5.59, -18.24, -1.61, -4.43];
[57.0, 30.0, 52.0, 96.0, 50.0, 92.0, 98.0, 24.0, 58.0, 61.95, 20.03, 44.0, 8.68, -25.17, -32.43, -15.62, 5.25, -2.86, -26.79, -0.88, -5.76, -29.99, -1.2, -5.77, -25.95, -1.06, -4.03];
[71.0, 28.0, 52.0, 108.0, 58.0, 101.0, 90.0, 26.0, 58.0, 47.78, 26.12, 49.37, -8.49, -32.9, -40.95, -9.37, 3.21, -2.77, -23.91, 1.0, -1.74, -23.79, -1.04, -4.31, -23.84, -1.93, -4.59];
[84.0, 30.0, 57.0, 115.0, 48.0, 93.0, 105.0, 25.0, 61.0, 22.2, 17.62, 34.82, -19.14, -23.38, -34.19, -32.67, 4.46, -6.08, -13.22, -0.42, -4.45, -16.24, -0.81, -4.63, -13.05, -1.88, -4.0];
[48.0, 31.0, 52.0, 93.0, 50.0, 92.0, 101.0, 25.0, 58.0, 69.47, 19.36, 44.01, 11.2, -25.09, -32.55, -20.53, 4.34, -2.93, -25.33, -1.31, -5.85, -29.64, -1.35, -5.78, -23.86, -1.18, -3.92];
[54.0, 26.0, 50.0, 100.0, 55.0, 99.0, 72.0, 23.0, 54.0, 65.04, 28.04, 51.06, 1.76, -29.88, -38.95, 9.28, 6.35, 1.33, -23.09, 1.4, -2.48, -27.16, -1.73, -5.22, -25.06, -3.09, -5.59];
[63.0, 29.0, 51.0, 92.0, 46.0, 86.0, 72.0, 23.0, 53.0, 49.47, 18.91, 42.03, 4.04, -21.35, -26.78, 5.58, 6.5, 2.34, -21.08, -1.52, -5.8, -18.82, -1.18, -5.3, -18.03, -1.29, -3.92];
[70.0, 28.0, 53.0, 103.0, 53.0, 99.0, 94.0, 24.0, 61.0, 46.95, 24.05, 45.32, 0.11, -28.1, -39.45, -14.22, 5.33, -5.9, -23.26, -0.43, -4.16, -28.3, -1.13, -4.92, -23.06, -1.53, -4.15];
[57.0, 30.0, 53.0, 89.0, 48.0, 87.0, 90.0, 24.0, 55.0, 51.84, 18.28, 39.12, 8.55, -23.3, -28.38, -16.33, 5.49, -0.04, -17.5, -1.25, -4.75, -17.04, -0.92, -4.4, -15.46, -1.28, -3.68];
[80.0, 31.0, 54.0, 118.0, 50.0, 92.0, 106.0, 24.0, 59.0, 33.28, 19.35, 41.05, -16.49, -25.2, -32.96, -29.7, 5.21, -4.28, -18.69, -2.86, -5.61, -22.77, -1.36, -5.41, -17.18, -1.53, -3.71];
[59.0, 32.0, 56.0, 90.0, 50.0, 90.0, 85.0, 25.0, 56.0, 51.1, 16.87, 37.1, 8.82, -25.21, -31.1, -10.64, 4.49, -1.04, -18.67, -1.5, -5.21, -20.22, -1.13, -4.98, -16.59, -1.25, -3.73];
[76.0, 28.0, 53.0, 115.0, 55.0, 99.0, 102.0, 24.0, 58.0, 41.99, 24.45, 45.7, -12.72, -30.08, -39.25, -21.82, 5.21, -2.96, -23.52, 0.22, -2.34, -26.28, -0.98, -4.57, -22.81, -1.47, -4.06];
[49.0, 25.0, 50.0, 92.0, 54.0, 100.0, 60.0, 23.0, 52.0, 69.77, 29.04, 51.22, 7.87, -28.9, -39.95, 20.67, 6.23, 3.24, -23.82, 1.78, -1.04, -31.74, -1.77, -6.19, -27.16, -2.84, -5.1];
[51.0, 41.0, 61.0, 101.0, 65.0, 108.0, 111.0, 26.0, 60.0, 67.96, 12.96, 39.98, 0.7, -39.87, -47.97, -29.78, 3.36, -4.66, -23.82, 1.4, -1.73, -27.66, -1.44, -4.99, -25.3, -2.66, -5.12];
[55.0, 56.0, 72.0, 91.0, 79.0, 113.0, 86.0, 35.0, 68.0, 62.2, -3.86, 26.38, 12.12, -54.09, -53.39, -5.91, -5.65, -12.86, -23.08, -0.08, -3.46, -27.52, -1.04, -4.73, -22.85, -1.49, -4.1];
[69.0, 49.0, 76.0, 91.0, 52.0, 91.0, 92.0, 25.0, 57.0, 34.95, -1.55, 15.12, 5.44, -27.45, -32.64, -21.49, 4.32, -2.36, -11.47, -0.4, -3.74, -16.9, -0.78, -4.15, -11.13, -1.48, -3.55];
[49.0, 26.0, 48.0, 107.0, 59.0, 104.0, 62.0, 22.0, 53.0, 69.86, 27.76, 52.66, -5.12, -33.88, -44.0, 19.16, 7.36, 2.32, -23.48, 1.44, -1.59, -26.98, -1.36, -4.81, -24.5, -2.53, -4.97];
[55.0, 26.0, 52.0, 92.0, 55.0, 98.0, 65.0, 23.0, 56.0, 63.64, 27.89, 49.05, 7.68, -29.9, -37.98, 15.52, 6.23, -0.77, -23.74, 1.27, -1.3, -25.53, -1.21, -4.7, -24.39, -2.21, -4.72];
[71.0, 28.0, 51.0, 96.0, 46.0, 88.0, 92.0, 25.0, 58.0, 34.77, 19.4, 40.01, -0.98, -21.56, -29.89, -20.38, 4.3, -3.24, -13.96, -0.44, -3.84, -15.45, -0.71, -3.94, -12.74, -1.36, -3.63]]
